# relative_time, cycles_done, cur_item, corpus_count, pending_total, pending_favs, map_size, saved_crashes, saved_hangs, max_depth, execs_per_sec, total_execs, edges_found, total_crashes, servers_count
100, 0, 1, 152, 147, 44, 2.75%, 0, 0, 2, 5.64, 2278, 846, 0, 0
108, 0, 1, 155, 150, 44, 2.76%, 0, 0, 2, 5.62, 2320, 849, 0, 0
115, 0, 1, 158, 153, 44, 2.77%, 0, 0, 2, 5.62, 2359, 853, 0, 0
120, 0, 1, 160, 155, 44, 2.78%, 0, 0, 2, 5.63, 2388, 856, 0, 0
125, 0, 1, 162, 157, 44, 2.78%, 0, 0, 2, 5.56, 2417, 858, 0, 0
131, 0, 1, 164, 159, 44, 2.79%, 0, 0, 2, 5.59, 2449, 860, 0, 0
136, 0, 1, 165, 160, 44, 2.80%, 0, 0, 2, 5.57, 2477, 862, 0, 0
142, 0, 1, 167, 162, 44, 2.80%, 0, 0, 2, 5.39, 2510, 864, 0, 0
149, 0, 1, 169, 164, 44, 2.81%, 0, 0, 2, 5.45, 2546, 867, 0, 0
154, 0, 1, 171, 166, 44, 2.82%, 0, 0, 2, 5.51, 2578, 869, 0, 0
159, 0, 1, 172, 167, 44, 2.82%, 0, 0, 2, 5.49, 2607, 870, 0, 0
165, 0, 1, 174, 169, 44, 2.83%, 0, 0, 2, 5.53, 2640, 872, 0, 0
172, 0, 1, 175, 170, 44, 2.83%, 0, 0, 2, 5.56, 2675, 873, 0, 0
177, 0, 1, 176, 171, 44, 2.84%, 0, 0, 2, 5.55, 2704, 874, 0, 0
182, 0, 1, 176, 171, 44, 2.84%, 0, 0, 2, 5.55, 2732, 874, 0, 0
187, 0, 1, 176, 171, 44, 2.84%, 0, 0, 2, 5.60, 2761, 874, 0, 0
192, 0, 1, 176, 171, 44, 2.84%, 0, 0, 2, 5.53, 2789, 874, 0, 0
197, 0, 1, 176, 171, 44, 2.84%, 0, 0, 2, 5.48, 2818, 874, 0, 0
203, 0, 1, 176, 171, 44, 2.84%, 0, 0, 2, 5.53, 2846, 874, 0, 0
208, 0, 1, 176, 171, 44, 2.84%, 0, 0, 2, 5.59, 2876, 874, 0, 0
213, 0, 1, 176, 171, 44, 2.84%, 0, 0, 2, 5.58, 2904, 874, 0, 0
218, 0, 1, 176, 171, 44, 2.84%, 0, 0, 2, 5.59, 2932, 874, 0, 0
223, 0, 1, 176, 171, 44, 2.84%, 0, 0, 2, 5.70, 2962, 874, 0, 0
228, 0, 1, 176, 171, 44, 2.84%, 0, 0, 2, 5.66, 2992, 874, 0, 0
234, 0, 1, 177, 172, 44, 2.84%, 0, 0, 2, 5.54, 3020, 876, 0, 0
241, 0, 1, 178, 173, 44, 2.86%, 0, 0, 2, 5.58, 3060, 882, 0, 0
246, 0, 1, 179, 174, 44, 2.87%, 0, 0, 2, 5.56, 3089, 883, 0, 0
251, 0, 1, 179, 174, 44, 2.87%, 0, 0, 2, 5.56, 3117, 883, 0, 0
256, 0, 1, 179, 174, 44, 2.87%, 0, 0, 2, 5.48, 3145, 883, 0, 0
261, 0, 1, 179, 174, 44, 2.87%, 0, 0, 2, 5.59, 3175, 883, 0, 0
266, 0, 1, 179, 174, 44, 2.87%, 0, 0, 2, 5.57, 3203, 883, 0, 0
271, 0, 1, 179, 174, 44, 2.87%, 0, 0, 2, 5.56, 3231, 883, 0, 0
277, 0, 1, 179, 174, 44, 2.87%, 0, 0, 2, 5.55, 3259, 883, 0, 0
282, 0, 1, 179, 174, 44, 2.87%, 0, 0, 2, 5.61, 3289, 883, 0, 0
287, 0, 1, 179, 174, 44, 2.87%, 0, 0, 2, 5.58, 3317, 883, 0, 0
292, 0, 1, 179, 174, 44, 2.87%, 0, 0, 2, 5.46, 3345, 883, 0, 0
297, 0, 1, 179, 174, 44, 2.87%, 0, 0, 2, 5.58, 3375, 883, 0, 0
303, 0, 1, 179, 174, 44, 2.87%, 0, 0, 2, 5.54, 3403, 883, 0, 0
308, 0, 1, 179, 174, 44, 2.87%, 0, 0, 2, 5.46, 3432, 883, 0, 0
313, 0, 1, 181, 176, 44, 2.87%, 0, 0, 2, 5.44, 3461, 885, 0, 0
319, 0, 1, 182, 177, 44, 2.88%, 0, 0, 2, 5.43, 3490, 886, 0, 0
324, 0, 1, 182, 177, 44, 2.88%, 0, 0, 2, 5.37, 3517, 886, 0, 0
329, 0, 1, 182, 177, 44, 2.88%, 0, 0, 2, 5.45, 3545, 886, 0, 0
334, 0, 1, 182, 177, 44, 2.88%, 0, 0, 2, 5.45, 3574, 886, 0, 0
339, 0, 1, 182, 177, 44, 2.88%, 0, 0, 2, 5.56, 3604, 886, 0, 0
345, 0, 1, 183, 178, 44, 2.88%, 0, 0, 2, 5.53, 3633, 887, 0, 0
350, 0, 1, 183, 178, 44, 2.88%, 0, 0, 2, 5.65, 3663, 887, 0, 0
355, 0, 1, 183, 178, 44, 2.88%, 0, 0, 2, 5.60, 3691, 887, 0, 0
360, 0, 1, 183, 178, 44, 2.88%, 0, 0, 2, 5.57, 3720, 887, 0, 0
365, 0, 1, 183, 178, 44, 2.88%, 0, 0, 2, 5.56, 3749, 887, 0, 0
371, 0, 1, 183, 178, 44, 2.88%, 0, 0, 2, 5.48, 3778, 887, 0, 0
376, 0, 1, 183, 178, 44, 2.88%, 0, 0, 2, 5.35, 3805, 887, 0, 0
381, 0, 1, 183, 178, 44, 2.88%, 0, 0, 2, 5.41, 3834, 887, 0, 0
386, 0, 1, 183, 178, 44, 2.88%, 0, 0, 2, 5.52, 3862, 887, 0, 0
391, 0, 1, 183, 178, 44, 2.88%, 0, 0, 2, 5.53, 3890, 887, 0, 0
396, 0, 1, 183, 178, 44, 2.88%, 0, 0, 2, 5.54, 3918, 887, 0, 0
401, 0, 1, 183, 178, 44, 2.88%, 0, 0, 2, 5.39, 3945, 887, 0, 0
406, 0, 1, 183, 178, 44, 2.88%, 0, 0, 2, 5.51, 3973, 887, 0, 0
412, 0, 1, 183, 178, 44, 2.88%, 0, 0, 2, 5.63, 4003, 887, 0, 0
417, 0, 1, 183, 178, 44, 2.88%, 0, 0, 2, 5.62, 4031, 887, 0, 0
422, 0, 1, 183, 178, 44, 2.88%, 0, 0, 2, 5.62, 4061, 887, 0, 0
427, 0, 1, 183, 178, 44, 2.88%, 0, 0, 2, 5.54, 4089, 887, 0, 0
432, 0, 1, 183, 178, 44, 2.88%, 0, 0, 2, 5.58, 4119, 887, 0, 0
438, 0, 1, 183, 178, 44, 2.88%, 0, 0, 2, 5.55, 4147, 887, 0, 0
443, 0, 1, 183, 178, 44, 2.88%, 0, 0, 2, 5.56, 4175, 887, 0, 0
448, 0, 1, 183, 178, 44, 2.88%, 0, 0, 2, 5.61, 4205, 887, 0, 0
453, 0, 1, 183, 178, 44, 2.88%, 0, 0, 2, 5.61, 4235, 887, 0, 0
459, 0, 1, 183, 178, 44, 2.88%, 0, 0, 2, 5.51, 4264, 887, 0, 0
464, 0, 1, 183, 178, 44, 2.88%, 0, 0, 2, 5.55, 4292, 887, 0, 0
469, 0, 1, 183, 178, 44, 2.88%, 0, 0, 2, 5.64, 4322, 887, 0, 0
474, 0, 1, 183, 178, 44, 2.88%, 0, 0, 2, 5.69, 4352, 887, 0, 0
480, 0, 1, 184, 179, 44, 2.88%, 0, 0, 2, 5.69, 4385, 888, 0, 0
485, 0, 1, 184, 179, 44, 2.88%, 0, 0, 2, 5.60, 4414, 888, 0, 0
490, 0, 1, 185, 180, 44, 2.92%, 0, 0, 2, 5.62, 4443, 899, 0, 0
495, 0, 1, 185, 180, 44, 2.92%, 0, 0, 2, 5.44, 4470, 899, 0, 0
500, 0, 1, 185, 180, 44, 2.92%, 0, 0, 2, 5.51, 4498, 899, 0, 0
505, 0, 1, 186, 181, 44, 2.92%, 0, 0, 2, 5.57, 4527, 901, 0, 0
511, 0, 1, 186, 181, 44, 2.92%, 0, 0, 2, 5.55, 4555, 901, 0, 0
516, 0, 1, 186, 181, 44, 2.92%, 0, 0, 2, 5.54, 4583, 901, 0, 0
521, 0, 1, 186, 181, 44, 2.92%, 0, 0, 2, 5.69, 4608, 901, 0, 0
526, 0, 1, 186, 181, 44, 2.92%, 0, 0, 2, 5.56, 4636, 901, 0, 0
531, 0, 1, 186, 181, 44, 2.92%, 0, 0, 2, 5.39, 4662, 901, 0, 0
536, 0, 1, 186, 181, 44, 2.92%, 0, 0, 2, 5.52, 4691, 901, 0, 0
541, 0, 1, 186, 181, 44, 2.92%, 0, 0, 2, 5.56, 4719, 901, 0, 0
546, 0, 2, 186, 180, 76, 2.92%, 0, 0, 2, 5.55, 4747, 901, 0, 0
551, 0, 2, 187, 181, 76, 2.93%, 0, 0, 2, 5.62, 4776, 902, 0, 0
557, 0, 2, 187, 181, 76, 2.93%, 0, 0, 2, 5.52, 4805, 902, 0, 0
563, 0, 6, 187, 180, 75, 2.93%, 0, 0, 2, 5.57, 4839, 902, 0, 0
568, 0, 6, 188, 181, 75, 2.94%, 0, 0, 2, 5.61, 4868, 906, 0, 0
573, 0, 6, 189, 182, 75, 2.94%, 0, 0, 2, 5.54, 4897, 906, 0, 0
578, 0, 6, 189, 182, 75, 2.94%, 0, 0, 2, 5.59, 4927, 906, 0, 0
584, 0, 7, 189, 181, 75, 2.94%, 0, 0, 2, 5.64, 4957, 906, 0, 0
589, 0, 7, 189, 181, 75, 2.94%, 0, 0, 2, 5.62, 4987, 906, 0, 0
594, 0, 7, 189, 181, 75, 2.94%, 0, 0, 2, 5.57, 5016, 906, 0, 0
601, 0, 8, 190, 181, 74, 2.94%, 0, 0, 2, 5.55, 5051, 907, 0, 0
607, 0, 8, 192, 183, 74, 2.95%, 0, 0, 2, 5.50, 5083, 909, 0, 0
612, 0, 8, 193, 184, 74, 2.95%, 0, 0, 2, 5.47, 5109, 910, 0, 0
617, 0, 8, 193, 184, 74, 2.95%, 0, 0, 2, 5.19, 5134, 910, 0, 0
622, 0, 8, 194, 185, 74, 2.97%, 0, 0, 2, 5.20, 5162, 914, 0, 0
627, 0, 8, 194, 185, 74, 2.97%, 0, 0, 2, 5.12, 5187, 914, 0, 0
633, 0, 8, 195, 186, 74, 2.99%, 0, 0, 2, 5.05, 5216, 920, 0, 0
638, 0, 8, 196, 187, 74, 2.99%, 0, 0, 2, 5.05, 5242, 922, 0, 0
644, 0, 8, 198, 189, 74, 3.01%, 0, 0, 2, 5.06, 5274, 926, 0, 0
651, 0, 8, 200, 191, 74, 3.03%, 0, 0, 2, 5.14, 5306, 932, 0, 0
656, 0, 8, 200, 191, 74, 3.03%, 0, 0, 2, 5.17, 5332, 932, 0, 0
661, 0, 8, 200, 191, 74, 3.03%, 0, 0, 2, 5.14, 5358, 932, 0, 0
666, 0, 8, 200, 191, 74, 3.03%, 0, 0, 2, 5.17, 5386, 932, 0, 0
671, 0, 8, 200, 191, 74, 3.03%, 0, 0, 2, 5.20, 5412, 932, 0, 0
676, 0, 8, 200, 191, 74, 3.03%, 0, 0, 2, 4.93, 5436, 932, 0, 0
682, 0, 8, 202, 193, 74, 3.04%, 0, 0, 2, 4.98, 5466, 936, 0, 0
687, 0, 8, 203, 194, 74, 3.04%, 0, 0, 2, 5.07, 5493, 938, 0, 0
693, 0, 8, 205, 196, 74, 3.06%, 0, 0, 2, 5.12, 5523, 943, 0, 0
698, 0, 8, 205, 196, 74, 3.06%, 0, 0, 2, 5.12, 5550, 943, 0, 0
703, 0, 8, 206, 197, 74, 3.07%, 0, 0, 2, 5.18, 5578, 945, 0, 0
708, 0, 8, 206, 197, 74, 3.07%, 0, 0, 2, 5.16, 5604, 945, 0, 0
713, 0, 8, 206, 197, 74, 3.07%, 0, 0, 2, 5.12, 5630, 945, 0, 0
718, 0, 8, 206, 197, 74, 3.07%, 0, 0, 2, 5.12, 5656, 945, 0, 0
724, 0, 8, 207, 198, 74, 3.07%, 0, 0, 2, 5.17, 5684, 946, 0, 0
729, 0, 8, 207, 198, 74, 3.07%, 0, 0, 2, 5.15, 5712, 946, 0, 0
734, 0, 8, 207, 198, 74, 3.07%, 0, 0, 2, 5.10, 5738, 946, 0, 0
739, 0, 8, 207, 198, 74, 3.07%, 0, 0, 2, 5.13, 5764, 946, 0, 0
745, 0, 8, 208, 199, 74, 3.07%, 0, 0, 2, 5.16, 5792, 947, 0, 0
752, 0, 8, 209, 200, 74, 3.08%, 0, 0, 2, 5.22, 5831, 948, 0, 0
757, 0, 8, 209, 200, 74, 3.08%, 0, 0, 2, 5.46, 5859, 948, 0, 0
762, 0, 8, 209, 200, 74, 3.08%, 0, 0, 2, 5.58, 5889, 948, 0, 0
767, 0, 8, 209, 200, 74, 3.08%, 0, 0, 2, 5.62, 5918, 948, 0, 0
773, 0, 8, 209, 200, 74, 3.08%, 0, 0, 2, 5.55, 5946, 948, 0, 0
778, 0, 8, 209, 200, 74, 3.08%, 0, 0, 2, 5.63, 5976, 948, 0, 0
783, 0, 8, 209, 200, 74, 3.08%, 0, 0, 2, 5.56, 6005, 948, 0, 0
788, 0, 8, 209, 200, 74, 3.08%, 0, 0, 2, 5.57, 6033, 948, 0, 0
793, 0, 8, 209, 200, 74, 3.08%, 0, 0, 2, 5.52, 6061, 948, 0, 0
798, 0, 8, 209, 200, 74, 3.08%, 0, 0, 2, 5.54, 6089, 948, 0, 0
804, 0, 9, 209, 199, 73, 3.08%, 0, 0, 2, 5.54, 6118, 948, 0, 0
810, 0, 9, 211, 201, 73, 3.11%, 0, 0, 2, 5.54, 6155, 957, 0, 0
817, 0, 9, 214, 204, 73, 3.13%, 0, 0, 2, 5.54, 6195, 965, 0, 0
825, 0, 9, 217, 207, 73, 3.15%, 0, 0, 2, 5.52, 6234, 971, 0, 0
832, 0, 9, 220, 210, 73, 3.17%, 0, 0, 2, 5.50, 6273, 977, 0, 0
837, 0, 9, 222, 212, 73, 3.20%, 0, 0, 2, 5.51, 6302, 985, 0, 0
844, 0, 9, 225, 215, 73, 3.21%, 0, 0, 2, 5.48, 6342, 989, 0, 0
849, 0, 9, 227, 217, 73, 3.22%, 0, 0, 2, 5.51, 6370, 992, 0, 0
855, 0, 9, 229, 219, 73, 3.23%, 0, 0, 2, 5.37, 6401, 996, 0, 0
860, 0, 9, 231, 221, 73, 3.24%, 0, 0, 2, 5.38, 6429, 999, 0, 0
868, 0, 9, 233, 223, 73, 3.25%, 0, 0, 2, 5.29, 6463, 1001, 0, 0
875, 0, 9, 235, 225, 73, 3.26%, 0, 0, 2, 5.27, 6498, 1003, 0, 0
892, 0, 9, 236, 226, 73, 3.26%, 0, 0, 2, 0.97, 6527, 1003, 0, 0
897, 0, 9, 237, 227, 73, 3.26%, 0, 0, 2, 1.59, 6543, 1003, 0, 0
911, 0, 9, 238, 228, 73, 3.26%, 0, 0, 2, 1.56, 6557, 1003, 0, 0
925, 0, 9, 239, 229, 73, 3.26%, 0, 0, 2, 1.52, 6570, 1003, 0, 0
938, 0, 9, 240, 230, 73, 3.26%, 0, 0, 2, 1.49, 6583, 1003, 0, 0
951, 0, 9, 241, 231, 73, 3.26%, 0, 0, 2, 1.46, 6596, 1003, 0, 0
964, 0, 9, 242, 232, 73, 3.26%, 0, 0, 2, 1.59, 6610, 1003, 0, 0
977, 0, 9, 243, 233, 73, 3.26%, 0, 0, 2, 1.55, 6623, 1003, 0, 0
993, 0, 9, 245, 235, 73, 3.26%, 0, 0, 2, 1.68, 6649, 1003, 0, 0
1010, 0, 9, 247, 237, 73, 3.26%, 0, 0, 2, 1.78, 6675, 1003, 0, 0
1017, 0, 9, 248, 238, 73, 3.27%, 0, 0, 2, 3.95, 6713, 1006, 0, 0
1023, 0, 9, 250, 240, 73, 3.28%, 0, 0, 2, 4.29, 6746, 1009, 0, 0
1029, 0, 9, 252, 242, 73, 3.28%, 0, 0, 2, 4.40, 6774, 1010, 0, 0
1034, 0, 9, 254, 244, 73, 3.28%, 0, 0, 2, 4.49, 6800, 1011, 0, 0
1039, 0, 9, 256, 246, 73, 3.28%, 0, 0, 2, 4.62, 6828, 1012, 0, 0
1045, 0, 9, 258, 248, 73, 3.30%, 0, 0, 2, 4.73, 6857, 1016, 0, 0
1050, 0, 9, 260, 250, 73, 3.30%, 0, 0, 2, 4.78, 6883, 1018, 0, 0
1057, 0, 9, 263, 253, 73, 3.32%, 0, 0, 2, 4.85, 6922, 1023, 0, 0
1062, 0, 9, 265, 255, 73, 3.33%, 0, 0, 2, 4.88, 6948, 1025, 0, 0
1068, 0, 9, 267, 257, 73, 3.34%, 0, 0, 2, 4.95, 6979, 1029, 0, 0
1074, 0, 9, 269, 259, 73, 3.36%, 0, 0, 2, 4.96, 7005, 1035, 0, 0
1079, 0, 9, 271, 261, 73, 3.43%, 0, 0, 2, 4.98, 7031, 1058, 0, 0
1086, 0, 9, 274, 264, 73, 3.44%, 0, 0, 2, 5.01, 7070, 1061, 0, 0
1091, 0, 9, 276, 266, 73, 3.45%, 0, 0, 2, 5.02, 7096, 1063, 0, 0
1097, 0, 9, 278, 268, 73, 3.46%, 0, 0, 2, 5.02, 7126, 1067, 0, 0
1103, 0, 9, 280, 270, 73, 3.49%, 0, 0, 2, 5.09, 7154, 1075, 0, 0
1108, 0, 9, 282, 272, 73, 3.50%, 0, 0, 2, 5.14, 7183, 1077, 0, 0
1113, 0, 9, 284, 274, 73, 3.55%, 0, 0, 2, 5.16, 7210, 1095, 0, 0
1118, 0, 9, 286, 276, 73, 3.59%, 0, 0, 2, 5.16, 7236, 1106, 0, 0
1126, 0, 9, 289, 279, 73, 3.62%, 0, 0, 2, 5.18, 7275, 1116, 0, 0
1133, 0, 9, 292, 282, 73, 3.64%, 0, 0, 2, 5.20, 7314, 1120, 0, 0
1138, 0, 13, 293, 283, 149, 3.64%, 0, 0, 2, 5.28, 7342, 1122, 0, 0
1144, 0, 13, 295, 285, 149, 3.65%, 0, 0, 2, 5.36, 7373, 1126, 0, 0
1149, 0, 13, 295, 285, 149, 3.65%, 0, 0, 2, 5.42, 7402, 1126, 0, 0
1154, 0, 13, 295, 285, 149, 3.65%, 0, 0, 2, 5.33, 7429, 1126, 0, 0
1160, 0, 13, 297, 287, 149, 3.69%, 0, 0, 2, 5.24, 7459, 1136, 0, 0
1165, 0, 13, 297, 287, 149, 3.69%, 0, 0, 2, 5.34, 7486, 1136, 0, 0
1170, 0, 13, 297, 287, 149, 3.69%, 0, 0, 2, 5.02, 7508, 1136, 0, 0
1175, 0, 13, 298, 288, 149, 3.69%, 0, 0, 2, 5.12, 7536, 1137, 0, 0
1183, 0, 13, 300, 290, 149, 3.69%, 0, 0, 2, 5.26, 7577, 1138, 0, 0
1190, 0, 13, 302, 292, 149, 3.70%, 0, 0, 2, 5.33, 7617, 1141, 0, 0
1198, 0, 13, 304, 294, 149, 3.71%, 0, 0, 2, 5.33, 7657, 1142, 0, 0
1203, 0, 13, 304, 294, 149, 3.71%, 0, 0, 2, 5.34, 7684, 1142, 0, 0
1208, 0, 13, 304, 294, 149, 3.71%, 0, 0, 2, 5.37, 7712, 1142, 0, 0
1213, 0, 13, 304, 294, 149, 3.71%, 0, 0, 2, 5.24, 7738, 1142, 0, 0
1218, 0, 13, 304, 294, 149, 3.71%, 0, 0, 2, 5.29, 7766, 1142, 0, 0
1223, 0, 13, 304, 294, 149, 3.71%, 0, 0, 2, 5.30, 7793, 1142, 0, 0
1228, 0, 13, 304, 294, 149, 3.71%, 0, 0, 2, 5.43, 7821, 1142, 0, 0
1234, 0, 13, 304, 294, 149, 3.71%, 0, 0, 2, 5.31, 7849, 1142, 0, 0
1241, 0, 13, 305, 295, 149, 3.72%, 0, 0, 2, 5.26, 7889, 1146, 0, 0
1247, 0, 13, 305, 295, 149, 3.72%, 0, 0, 2, 5.21, 7916, 1146, 0, 0
1252, 0, 13, 305, 295, 149, 3.72%, 0, 0, 2, 5.23, 7943, 1146, 0, 0
1257, 0, 13, 305, 295, 149, 3.72%, 0, 0, 2, 5.16, 7970, 1146, 0, 0
1262, 0, 13, 305, 295, 149, 3.72%, 0, 0, 2, 5.27, 7997, 1146, 0, 0
1267, 0, 13, 305, 295, 149, 3.72%, 0, 0, 2, 4.88, 8022, 1146, 0, 0
1272, 0, 13, 305, 295, 149, 3.72%, 0, 0, 2, 4.65, 8045, 1146, 0, 0
1277, 0, 13, 305, 295, 149, 3.72%, 0, 0, 2, 4.55, 8068, 1146, 0, 0
1283, 0, 13, 305, 295, 149, 3.72%, 0, 0, 2, 4.93, 8095, 1146, 0, 0
1288, 0, 13, 305, 295, 149, 3.72%, 0, 0, 2, 5.21, 8124, 1146, 0, 0
1293, 0, 13, 305, 295, 149, 3.72%, 0, 0, 2, 5.25, 8151, 1146, 0, 0
1298, 0, 13, 305, 295, 149, 3.72%, 0, 0, 2, 5.23, 8178, 1146, 0, 0
1303, 0, 13, 305, 295, 149, 3.72%, 0, 0, 2, 5.31, 8205, 1146, 0, 0
1309, 0, 13, 306, 296, 149, 3.72%, 0, 0, 2, 5.27, 8234, 1147, 0, 0
1314, 0, 13, 306, 296, 149, 3.72%, 0, 0, 2, 5.16, 8261, 1147, 0, 0
1319, 0, 13, 306, 296, 149, 3.72%, 0, 0, 2, 5.24, 8289, 1147, 0, 0
1324, 0, 13, 307, 297, 149, 3.73%, 0, 0, 2, 5.19, 8316, 1149, 0, 0
1330, 0, 13, 307, 297, 149, 3.73%, 0, 0, 2, 5.14, 8342, 1149, 0, 0
1335, 0, 13, 307, 297, 149, 3.73%, 0, 0, 2, 5.12, 8369, 1149, 0, 0
1340, 0, 13, 307, 297, 149, 3.73%, 0, 0, 2, 5.36, 8398, 1149, 0, 0
1345, 0, 13, 307, 297, 149, 3.73%, 0, 0, 2, 5.39, 8426, 1149, 0, 0
1350, 0, 13, 307, 297, 149, 3.73%, 0, 0, 2, 5.48, 8454, 1149, 0, 0
1355, 0, 13, 307, 297, 149, 3.73%, 0, 0, 2, 5.46, 8482, 1149, 0, 0
1361, 0, 13, 307, 297, 149, 3.73%, 0, 0, 2, 5.51, 8511, 1149, 0, 0
1366, 0, 13, 307, 297, 149, 3.73%, 0, 0, 2, 5.50, 8539, 1149, 0, 0
1371, 0, 13, 307, 297, 149, 3.73%, 0, 0, 2, 5.42, 8568, 1149, 0, 0
1376, 0, 13, 307, 297, 149, 3.73%, 0, 0, 2, 5.46, 8597, 1149, 0, 0
1381, 0, 13, 307, 297, 149, 3.73%, 0, 0, 2, 5.37, 8624, 1149, 0, 0
1387, 0, 13, 307, 297, 149, 3.73%, 0, 0, 2, 5.45, 8653, 1149, 0, 0
1392, 0, 13, 307, 297, 149, 3.73%, 0, 0, 2, 5.44, 8681, 1149, 0, 0
1397, 0, 13, 307, 297, 149, 3.73%, 0, 0, 2, 5.34, 8708, 1149, 0, 0
1402, 0, 13, 307, 297, 149, 3.73%, 0, 0, 2, 5.45, 8736, 1149, 0, 0
1407, 0, 13, 307, 297, 149, 3.73%, 0, 0, 2, 5.45, 8764, 1149, 0, 0
1412, 0, 13, 307, 297, 149, 3.73%, 0, 0, 2, 5.42, 8792, 1149, 0, 0
1418, 0, 13, 307, 297, 149, 3.73%, 0, 0, 2, 5.43, 8821, 1149, 0, 0
1423, 0, 13, 307, 297, 149, 3.73%, 0, 0, 2, 5.44, 8849, 1149, 0, 0
1428, 0, 13, 307, 297, 149, 3.73%, 0, 0, 2, 5.45, 8878, 1149, 0, 0
1434, 0, 17, 307, 296, 156, 3.73%, 0, 0, 2, 5.41, 8909, 1149, 0, 0
1439, 0, 17, 307, 296, 156, 3.73%, 0, 0, 2, 5.44, 8937, 1149, 0, 0
1444, 0, 17, 308, 297, 156, 3.73%, 0, 0, 2, 5.47, 8966, 1150, 0, 0
1449, 0, 17, 308, 297, 156, 3.73%, 0, 0, 2, 4.92, 8990, 1150, 0, 0
1455, 0, 22, 308, 296, 155, 3.73%, 0, 0, 2, 4.67, 9014, 1150, 0, 0
1460, 0, 22, 309, 297, 155, 3.98%, 0, 0, 2, 4.71, 9039, 1225, 0, 0
1465, 0, 22, 309, 297, 155, 3.98%, 0, 0, 2, 4.68, 9063, 1225, 0, 0
1471, 0, 26, 309, 296, 155, 3.98%, 0, 0, 2, 4.73, 9091, 1225, 0, 0
1476, 0, 26, 309, 296, 155, 3.98%, 0, 0, 2, 4.70, 9115, 1225, 0, 0
1481, 0, 26, 309, 296, 155, 3.98%, 0, 0, 2, 4.70, 9139, 1225, 0, 0
1489, 0, 26, 310, 297, 155, 3.98%, 0, 0, 2, 4.70, 9172, 1225, 0, 0
1494, 0, 27, 310, 296, 154, 3.98%, 0, 0, 2, 4.78, 9199, 1225, 0, 0
1500, 0, 27, 310, 296, 154, 3.98%, 0, 0, 2, 4.78, 9224, 1225, 0, 0
1505, 0, 27, 311, 297, 154, 3.98%, 0, 0, 2, 4.79, 9249, 1226, 0, 0
1512, 0, 33, 311, 296, 153, 3.98%, 0, 0, 2, 4.78, 9285, 1226, 0, 0
1518, 0, 33, 311, 296, 153, 3.98%, 0, 0, 2, 4.69, 9309, 1226, 0, 0
1525, 0, 33, 313, 298, 153, 3.99%, 0, 0, 2, 4.68, 9344, 1228, 0, 0
1530, 0, 33, 313, 298, 153, 3.99%, 0, 0, 2, 4.60, 9368, 1228, 0, 0
1535, 0, 36, 313, 297, 154, 3.99%, 0, 0, 2, 4.68, 9392, 1228, 0, 0
1540, 0, 36, 313, 297, 154, 3.99%, 0, 0, 2, 4.68, 9416, 1228, 0, 0
1545, 0, 36, 313, 297, 154, 3.99%, 0, 0, 2, 4.72, 9440, 1228, 0, 0
1552, 0, 37, 313, 296, 153, 3.99%, 0, 0, 2, 4.66, 9473, 1228, 0, 0
1558, 0, 37, 314, 297, 153, 3.99%, 0, 0, 2, 4.68, 9498, 1230, 0, 0
1563, 0, 37, 314, 297, 153, 3.99%, 0, 0, 2, 4.70, 9522, 1230, 0, 0
1568, 0, 37, 314, 297, 153, 3.99%, 0, 0, 2, 4.98, 9548, 1230, 0, 0
1573, 0, 46, 314, 296, 153, 3.99%, 0, 0, 2, 5.12, 9577, 1230, 0, 0
1580, 0, 46, 316, 298, 153, 4.01%, 0, 0, 2, 5.35, 9616, 1235, 0, 0
1587, 0, 46, 317, 299, 153, 4.02%, 0, 0, 2, 5.49, 9651, 1237, 0, 0
1592, 0, 46, 318, 300, 153, 4.03%, 0, 0, 2, 5.49, 9679, 1241, 0, 0
1597, 0, 46, 318, 300, 153, 4.03%, 0, 0, 2, 5.39, 9707, 1241, 0, 0
1605, 0, 47, 318, 299, 155, 4.03%, 0, 0, 2, 5.36, 9747, 1241, 0, 0
1610, 0, 47, 318, 299, 155, 4.03%, 0, 0, 2, 5.28, 9775, 1241, 0, 0
1615, 0, 47, 318, 299, 155, 4.03%, 0, 0, 2, 5.34, 9802, 1241, 0, 0
1620, 0, 47, 318, 299, 155, 4.03%, 0, 0, 2, 5.08, 9825, 1241, 0, 0
1625, 0, 47, 318, 299, 155, 4.03%, 0, 0, 2, 5.32, 9853, 1241, 0, 0
1632, 0, 48, 319, 299, 154, 4.04%, 0, 0, 2, 5.38, 9890, 1244, 0, 0
1638, 0, 48, 321, 301, 154, 4.05%, 0, 0, 2, 5.40, 9922, 1247, 0, 0
1645, 0, 48, 323, 303, 154, 4.05%, 0, 0, 2, 5.37, 9959, 1249, 0, 0
1650, 0, 48, 324, 304, 154, 4.06%, 0, 0, 2, 5.08, 9986, 1250, 0, 0
1656, 0, 48, 325, 305, 154, 4.06%, 0, 0, 2, 4.98, 10015, 1251, 0, 0
1661, 0, 48, 325, 305, 154, 4.06%, 0, 0, 2, 4.75, 10039, 1251, 0, 0
1667, 0, 48, 327, 307, 154, 4.08%, 0, 0, 2, 4.71, 10068, 1258, 0, 0
1673, 0, 48, 329, 309, 154, 4.09%, 0, 0, 2, 4.78, 10099, 1259, 0, 0
1679, 0, 48, 331, 311, 154, 4.11%, 0, 0, 2, 4.91, 10131, 1266, 0, 0
1686, 0, 48, 333, 313, 154, 4.11%, 0, 0, 2, 5.03, 10168, 1267, 0, 0
1692, 0, 48, 335, 315, 154, 4.12%, 0, 0, 2, 5.09, 10197, 1269, 0, 0
1698, 0, 48, 337, 317, 154, 4.13%, 0, 0, 2, 5.13, 10228, 1271, 0, 0
1703, 0, 48, 339, 319, 154, 4.14%, 0, 0, 2, 5.22, 10258, 1276, 0, 0
1708, 0, 48, 341, 321, 154, 4.17%, 0, 0, 2, 5.25, 10286, 1284, 0, 0
1713, 0, 48, 342, 322, 154, 4.17%, 0, 0, 2, 5.28, 10313, 1285, 0, 0
1720, 0, 48, 344, 324, 154, 4.19%, 0, 0, 2, 5.31, 10351, 1290, 0, 0
1726, 0, 48, 345, 325, 154, 4.19%, 0, 0, 2, 5.33, 10382, 1290, 0, 0
1732, 0, 48, 346, 326, 154, 4.22%, 0, 0, 2, 5.25, 10412, 1301, 0, 0
1737, 0, 48, 348, 328, 154, 4.25%, 0, 0, 2, 5.25, 10443, 1309, 0, 0
1743, 0, 48, 349, 329, 154, 4.26%, 0, 0, 2, 5.40, 10472, 1314, 0, 0
1748, 0, 48, 349, 329, 154, 4.26%, 0, 0, 2, 5.39, 10499, 1314, 0, 0
1753, 0, 48, 349, 329, 154, 4.26%, 0, 0, 2, 5.29, 10526, 1314, 0, 0
1758, 0, 48, 349, 329, 154, 4.26%, 0, 0, 2, 5.27, 10554, 1314, 0, 0
1765, 0, 48, 350, 330, 154, 4.27%, 0, 0, 2, 5.31, 10589, 1315, 0, 0
1770, 0, 48, 351, 331, 154, 4.27%, 0, 0, 2, 5.33, 10616, 1316, 0, 0
1775, 0, 48, 351, 331, 154, 4.27%, 0, 0, 2, 5.33, 10644, 1316, 0, 0
1780, 0, 48, 352, 332, 154, 4.27%, 0, 0, 2, 5.38, 10672, 1317, 0, 0
1785, 0, 48, 352, 332, 154, 4.27%, 0, 0, 2, 5.22, 10699, 1317, 0, 0
1790, 0, 48, 352, 332, 154, 4.27%, 0, 0, 2, 5.02, 10725, 1317, 0, 0
1796, 0, 48, 352, 332, 154, 4.27%, 0, 0, 2, 5.08, 10752, 1317, 0, 0
1801, 0, 48, 353, 333, 154, 4.28%, 0, 0, 2, 5.28, 10782, 1318, 0, 0
1806, 0, 48, 354, 334, 154, 4.28%, 0, 0, 2, 5.32, 10811, 1319, 0, 0
1812, 0, 48, 354, 334, 154, 4.28%, 0, 0, 2, 5.39, 10839, 1319, 0, 0
1817, 0, 48, 354, 334, 154, 4.28%, 0, 0, 2, 5.25, 10866, 1319, 0, 0
1822, 0, 48, 354, 334, 154, 4.28%, 0, 0, 2, 5.29, 10893, 1319, 0, 0
1827, 0, 48, 354, 334, 154, 4.28%, 0, 0, 2, 5.32, 10920, 1319, 0, 0
1832, 0, 48, 354, 334, 154, 4.28%, 0, 0, 2, 4.96, 10946, 1319, 0, 0
1837, 0, 48, 354, 334, 154, 4.28%, 0, 0, 2, 4.76, 10970, 1319, 0, 0
1842, 0, 48, 355, 335, 154, 4.28%, 0, 0, 2, 4.78, 10995, 1320, 0, 0
1847, 0, 48, 355, 335, 154, 4.28%, 0, 0, 2, 5.09, 11022, 1320, 0, 0
1853, 0, 48, 355, 335, 154, 4.28%, 0, 0, 2, 5.22, 11049, 1320, 0, 0
1858, 0, 48, 356, 336, 154, 4.29%, 0, 0, 2, 5.23, 11077, 1321, 0, 0
1863, 0, 48, 358, 338, 154, 4.30%, 0, 0, 2, 5.24, 11104, 1326, 0, 0
1868, 0, 48, 360, 340, 154, 4.32%, 0, 0, 2, 5.26, 11134, 1332, 0, 0
1873, 0, 48, 362, 342, 154, 4.34%, 0, 0, 2, 5.24, 11160, 1337, 0, 0
1879, 0, 48, 362, 342, 154, 4.34%, 0, 0, 2, 5.27, 11187, 1337, 0, 0
1884, 0, 48, 362, 342, 154, 4.34%, 0, 0, 2, 5.30, 11215, 1337, 0, 0
1889, 0, 48, 362, 342, 154, 4.34%, 0, 0, 2, 5.33, 11242, 1337, 0, 0
1894, 0, 48, 362, 342, 154, 4.34%, 0, 0, 2, 5.31, 11269, 1337, 0, 0
1899, 0, 48, 363, 343, 154, 4.37%, 0, 0, 2, 5.30, 11296, 1346, 0, 0
1904, 0, 48, 363, 343, 154, 4.37%, 0, 0, 2, 5.41, 11325, 1346, 0, 0
1909, 0, 48, 363, 343, 154, 4.37%, 0, 0, 2, 5.03, 11351, 1346, 0, 0
1915, 0, 48, 363, 343, 154, 4.37%, 0, 0, 2, 4.39, 11373, 1346, 0, 0
1920, 0, 48, 363, 343, 154, 4.37%, 0, 0, 2, 4.80, 11398, 1346, 0, 0
1925, 0, 48, 363, 343, 154, 4.37%, 0, 0, 2, 5.12, 11425, 1346, 0, 0
1930, 0, 48, 363, 343, 154, 4.37%, 0, 0, 2, 5.29, 11454, 1346, 0, 0
1935, 0, 48, 363, 343, 154, 4.37%, 0, 0, 2, 5.01, 11479, 1346, 0, 0
1940, 0, 48, 363, 343, 154, 4.37%, 0, 0, 2, 5.17, 11506, 1346, 0, 0
1946, 0, 48, 364, 344, 154, 4.37%, 0, 0, 2, 5.12, 11538, 1347, 0, 0
1951, 0, 48, 364, 344, 154, 4.37%, 0, 0, 2, 5.29, 11565, 1347, 0, 0
1957, 0, 48, 364, 344, 154, 4.37%, 0, 0, 2, 5.37, 11594, 1347, 0, 0
1962, 0, 48, 364, 344, 154, 4.37%, 0, 0, 2, 5.35, 11622, 1347, 0, 0
1967, 0, 48, 364, 344, 154, 4.37%, 0, 0, 2, 5.36, 11650, 1347, 0, 0
1972, 0, 48, 364, 344, 154, 4.37%, 0, 0, 2, 5.30, 11678, 1347, 0, 0
1977, 0, 48, 364, 344, 154, 4.37%, 0, 0, 2, 5.35, 11705, 1347, 0, 0
1983, 0, 48, 364, 344, 154, 4.37%, 0, 0, 2, 5.43, 11734, 1347, 0, 0
1988, 0, 48, 364, 344, 154, 4.37%, 0, 0, 2, 5.49, 11762, 1347, 0, 0
1993, 0, 48, 364, 344, 154, 4.37%, 0, 0, 2, 5.48, 11790, 1347, 0, 0
1998, 0, 48, 364, 344, 154, 4.37%, 0, 0, 2, 5.42, 11817, 1347, 0, 0
2003, 0, 48, 364, 344, 154, 4.37%, 0, 0, 2, 5.46, 11845, 1347, 0, 0
2008, 0, 48, 364, 344, 154, 4.37%, 0, 0, 2, 5.53, 11873, 1347, 0, 0
2013, 0, 48, 364, 344, 154, 4.37%, 0, 0, 2, 5.54, 11901, 1347, 0, 0
2018, 0, 48, 364, 344, 154, 4.37%, 0, 0, 2, 5.59, 11930, 1347, 0, 0
2023, 0, 48, 364, 344, 154, 4.37%, 0, 0, 2, 5.49, 11958, 1347, 0, 0
2029, 0, 48, 364, 344, 154, 4.37%, 0, 0, 2, 5.56, 11988, 1347, 0, 0
2034, 0, 48, 364, 344, 154, 4.37%, 0, 0, 2, 5.61, 12018, 1347, 0, 0
2039, 0, 48, 364, 344, 154, 4.37%, 0, 0, 2, 5.63, 12048, 1347, 0, 0
2045, 0, 48, 364, 344, 154, 4.37%, 0, 0, 2, 5.66, 12078, 1347, 0, 0
2050, 0, 48, 364, 344, 154, 4.37%, 0, 0, 2, 5.69, 12108, 1347, 0, 0
2055, 0, 48, 364, 344, 154, 4.37%, 0, 0, 2, 5.41, 12135, 1347, 0, 0
2060, 0, 48, 364, 344, 154, 4.37%, 0, 0, 2, 5.44, 12164, 1347, 0, 0
2065, 0, 48, 364, 344, 154, 4.37%, 0, 0, 2, 5.52, 12193, 1347, 0, 0
2071, 0, 48, 364, 344, 154, 4.37%, 0, 0, 2, 5.45, 12222, 1347, 0, 0
2076, 0, 48, 364, 344, 154, 4.37%, 0, 0, 2, 5.52, 12251, 1347, 0, 0
2081, 0, 48, 364, 344, 154, 4.37%, 0, 0, 2, 5.50, 12280, 1347, 0, 0
2086, 0, 48, 364, 344, 154, 4.37%, 0, 0, 2, 5.58, 12310, 1347, 0, 0
2092, 0, 48, 364, 344, 154, 4.37%, 0, 0, 2, 5.51, 12339, 1347, 0, 0
2097, 0, 48, 364, 344, 154, 4.37%, 0, 0, 2, 5.18, 12366, 1347, 0, 0
2102, 0, 48, 364, 344, 154, 4.37%, 0, 0, 2, 4.98, 12391, 1347, 0, 0
2107, 0, 48, 364, 344, 154, 4.37%, 0, 0, 2, 4.91, 12416, 1347, 0, 0
2112, 0, 48, 364, 344, 154, 4.37%, 0, 0, 2, 4.82, 12441, 1347, 0, 0
2117, 0, 48, 364, 344, 154, 4.37%, 0, 0, 2, 4.73, 12465, 1347, 0, 0
2123, 0, 48, 364, 344, 154, 4.37%, 0, 0, 2, 4.81, 12490, 1347, 0, 0
2128, 0, 48, 364, 344, 154, 4.37%, 0, 0, 2, 4.77, 12515, 1347, 0, 0
2133, 0, 48, 364, 344, 154, 4.37%, 0, 0, 2, 4.80, 12540, 1347, 0, 0
2138, 0, 48, 364, 344, 154, 4.37%, 0, 0, 2, 4.76, 12565, 1347, 0, 0
2143, 0, 48, 364, 344, 154, 4.37%, 0, 0, 2, 4.80, 12590, 1347, 0, 0
2148, 0, 48, 364, 344, 154, 4.37%, 0, 0, 2, 4.77, 12614, 1347, 0, 0
2153, 0, 48, 364, 344, 154, 4.37%, 0, 0, 2, 4.79, 12638, 1347, 0, 0
2158, 0, 48, 364, 344, 154, 4.37%, 0, 0, 2, 5.22, 12666, 1347, 0, 0
2164, 0, 48, 364, 344, 154, 4.37%, 0, 0, 2, 5.57, 12696, 1347, 0, 0
2169, 0, 48, 364, 344, 154, 4.37%, 0, 0, 2, 5.52, 12724, 1347, 0, 0
2175, 0, 52, 364, 343, 183, 4.37%, 0, 0, 2, 5.52, 12758, 1347, 0, 0
2180, 0, 52, 365, 344, 183, 4.37%, 0, 0, 2, 5.51, 12786, 1347, 0, 0
2185, 0, 52, 366, 345, 183, 4.38%, 0, 0, 2, 5.54, 12815, 1348, 0, 0
2190, 0, 52, 366, 345, 183, 4.38%, 0, 0, 2, 5.33, 12842, 1348, 0, 0
2196, 0, 53, 367, 345, 182, 4.38%, 0, 0, 2, 5.41, 12873, 1350, 0, 0
2201, 0, 53, 367, 345, 182, 4.38%, 0, 0, 2, 5.32, 12901, 1350, 0, 0
2206, 0, 53, 367, 345, 182, 4.38%, 0, 0, 2, 0.96, 12913, 1350, 0, 0
2212, 0, 53, 367, 345, 182, 4.38%, 0, 0, 2, 0.96, 12918, 1350, 0, 0
2217, 0, 53, 368, 346, 182, 4.39%, 0, 0, 2, 2.66, 12944, 1352, 0, 0
2223, 0, 53, 370, 348, 182, 4.40%, 0, 0, 2, 3.26, 12975, 1357, 0, 0
2228, 0, 53, 372, 350, 182, 4.41%, 0, 0, 2, 3.51, 13002, 1359, 0, 0
2233, 0, 53, 373, 351, 182, 4.41%, 0, 0, 2, 4.31, 13030, 1360, 0, 0
2240, 0, 53, 375, 353, 182, 4.41%, 0, 0, 2, 4.69, 13068, 1360, 0, 0
2245, 0, 53, 377, 355, 182, 4.42%, 0, 0, 2, 4.74, 13094, 1362, 0, 0
2252, 0, 53, 378, 356, 182, 4.42%, 0, 0, 2, 4.95, 13131, 1363, 0, 0
2258, 0, 53, 380, 358, 182, 4.43%, 0, 0, 2, 4.97, 13163, 1366, 0, 0
2264, 0, 53, 382, 360, 182, 4.44%, 0, 0, 2, 5.01, 13191, 1369, 0, 0
2269, 0, 53, 383, 361, 182, 4.45%, 0, 0, 2, 4.92, 13209, 1370, 0, 0
2274, 0, 53, 385, 363, 182, 4.45%, 0, 0, 2, 4.92, 13235, 1372, 0, 0
2283, 0, 53, 387, 365, 182, 4.46%, 0, 0, 2, 3.51, 13262, 1373, 0, 0
2290, 0, 53, 389, 367, 182, 4.48%, 0, 0, 2, 3.51, 13289, 1379, 0, 0
2298, 0, 53, 391, 369, 182, 4.48%, 0, 0, 2, 3.51, 13315, 1380, 0, 0
2305, 0, 53, 393, 371, 182, 4.49%, 0, 0, 2, 3.52, 13341, 1384, 0, 0
2313, 0, 53, 395, 373, 182, 4.50%, 0, 0, 2, 3.51, 13368, 1386, 0, 0
2320, 0, 53, 397, 375, 182, 4.51%, 0, 0, 2, 3.51, 13394, 1388, 0, 0
2328, 0, 53, 399, 377, 182, 4.51%, 0, 0, 2, 3.51, 13420, 1389, 0, 0
2334, 0, 55, 400, 378, 209, 4.51%, 0, 0, 2, 3.54, 13442, 1389, 0, 0
2340, 0, 55, 401, 379, 209, 4.51%, 0, 0, 2, 3.53, 13463, 1389, 0, 0
2345, 0, 55, 401, 379, 209, 4.51%, 0, 0, 2, 3.53, 13481, 1389, 0, 0
2350, 0, 55, 401, 379, 209, 4.51%, 0, 0, 2, 3.53, 13499, 1389, 0, 0
2355, 0, 55, 402, 380, 209, 4.51%, 0, 0, 2, 3.51, 13516, 1390, 0, 0
2360, 0, 55, 402, 380, 209, 4.51%, 0, 0, 2, 3.87, 13536, 1390, 0, 0
2366, 0, 63, 402, 379, 209, 4.51%, 0, 0, 2, 4.06, 13560, 1390, 0, 0
2371, 0, 63, 403, 380, 209, 4.51%, 0, 0, 2, 4.13, 13581, 1391, 0, 0
2376, 0, 63, 403, 380, 209, 4.51%, 0, 0, 2, 4.15, 13603, 1391, 0, 0
2381, 0, 63, 404, 381, 209, 4.52%, 0, 0, 2, 4.14, 13625, 1393, 0, 0
2387, 0, 63, 404, 381, 209, 4.52%, 0, 0, 2, 4.13, 13646, 1393, 0, 0
2392, 0, 63, 404, 381, 209, 4.52%, 0, 0, 2, 4.15, 13667, 1393, 0, 0
2397, 0, 63, 404, 381, 209, 4.52%, 0, 0, 2, 4.07, 13688, 1393, 0, 0
2402, 0, 63, 404, 381, 209, 4.52%, 0, 0, 2, 4.04, 13706, 1393, 0, 0
2407, 0, 63, 404, 381, 209, 4.52%, 0, 0, 2, 4.10, 13727, 1393, 0, 0
2413, 0, 87, 404, 380, 209, 4.52%, 0, 0, 2, 4.10, 13751, 1393, 0, 0
2418, 0, 87, 404, 380, 209, 4.52%, 0, 0, 2, 4.05, 13771, 1393, 0, 0
2423, 0, 87, 404, 380, 209, 4.52%, 0, 0, 2, 4.06, 13792, 1393, 0, 0
2428, 0, 87, 404, 380, 209, 4.52%, 0, 0, 2, 4.07, 13813, 1393, 0, 0
2434, 0, 87, 404, 380, 209, 4.52%, 0, 0, 2, 4.08, 13834, 1393, 0, 0
2440, 0, 87, 405, 381, 209, 4.52%, 0, 0, 2, 4.13, 13861, 1394, 0, 0
2445, 0, 87, 405, 381, 209, 4.52%, 0, 0, 2, 4.08, 13882, 1394, 0, 0
2450, 0, 87, 405, 381, 209, 4.52%, 0, 0, 2, 3.97, 13902, 1394, 0, 0
2455, 0, 87, 405, 381, 209, 4.52%, 0, 0, 2, 3.72, 13920, 1394, 0, 0
2461, 0, 87, 405, 381, 209, 4.52%, 0, 0, 2, 3.47, 13938, 1394, 0, 0
2466, 0, 87, 405, 381, 209, 4.52%, 0, 0, 2, 3.52, 13956, 1394, 0, 0
2473, 0, 90, 405, 380, 209, 4.52%, 0, 0, 2, 3.61, 13981, 1394, 0, 0
2478, 0, 90, 405, 380, 209, 4.52%, 0, 0, 2, 3.61, 14000, 1394, 0, 0
2483, 0, 90, 405, 380, 209, 4.52%, 0, 0, 2, 3.59, 14018, 1394, 0, 0
2490, 0, 91, 405, 379, 208, 4.52%, 0, 0, 2, 3.57, 14043, 1394, 0, 0
2495, 0, 91, 405, 379, 208, 4.52%, 0, 0, 2, 3.64, 14062, 1394, 0, 0
2500, 0, 91, 405, 379, 208, 4.52%, 0, 0, 2, 3.56, 14080, 1394, 0, 0
2508, 0, 92, 405, 378, 207, 4.52%, 0, 0, 2, 3.62, 14107, 1394, 0, 0
2513, 0, 92, 405, 378, 207, 4.52%, 0, 0, 2, 3.59, 14126, 1394, 0, 0
2518, 0, 92, 405, 378, 207, 4.52%, 0, 0, 2, 3.62, 14145, 1394, 0, 0
2523, 0, 92, 405, 378, 207, 4.52%, 0, 0, 2, 3.59, 14163, 1394, 0, 0
2528, 0, 92, 405, 378, 207, 4.52%, 0, 0, 2, 3.56, 14181, 1394, 0, 0
2534, 0, 93, 405, 377, 206, 4.52%, 0, 0, 2, 3.56, 14201, 1394, 0, 0
2539, 0, 93, 405, 377, 206, 4.52%, 0, 0, 2, 4.02, 14222, 1394, 0, 0
2544, 0, 93, 406, 378, 206, 4.53%, 0, 0, 2, 4.00, 14243, 1396, 0, 0
2549, 0, 93, 406, 378, 206, 4.53%, 0, 0, 2, 4.11, 14264, 1396, 0, 0
2554, 0, 94, 406, 377, 206, 4.53%, 0, 0, 2, 4.12, 14285, 1396, 0, 0
2562, 0, 94, 408, 379, 206, 4.53%, 0, 0, 2, 4.12, 14317, 1396, 0, 0
2567, 0, 94, 409, 380, 206, 4.53%, 0, 0, 2, 4.13, 14340, 1396, 0, 0
2572, 0, 94, 410, 381, 206, 4.53%, 0, 0, 2, 4.12, 14361, 1396, 0, 0
2578, 0, 94, 411, 382, 206, 4.53%, 0, 0, 2, 4.10, 14384, 1396, 0, 0
2583, 0, 94, 411, 382, 206, 4.53%, 0, 0, 2, 4.03, 14405, 1396, 0, 0
2590, 0, 94, 412, 383, 206, 4.53%, 0, 0, 2, 4.07, 14431, 1396, 0, 0
2595, 0, 94, 413, 384, 206, 4.53%, 0, 0, 2, 4.04, 14451, 1396, 0, 0
2600, 0, 94, 413, 384, 206, 4.53%, 0, 0, 2, 4.02, 14469, 1396, 0, 0
2606, 0, 95, 413, 383, 204, 4.53%, 0, 0, 2, 4.08, 14495, 1396, 0, 0
2611, 0, 95, 413, 383, 204, 4.53%, 0, 0, 2, 4.11, 14516, 1396, 0, 0
2616, 0, 95, 413, 383, 204, 4.53%, 0, 0, 2, 4.14, 14537, 1396, 0, 0
2621, 0, 95, 413, 383, 204, 4.53%, 0, 0, 2, 4.17, 14558, 1396, 0, 0
2627, 0, 95, 413, 383, 204, 4.53%, 0, 0, 2, 0.58, 14573, 1396, 0, 0
2633, 0, 97, 413, 382, 203, 4.53%, 0, 0, 2, 3.82, 14593, 1396, 0, 0
2638, 0, 97, 414, 383, 203, 4.53%, 0, 0, 2, 3.68, 14614, 1397, 0, 0
2644, 0, 97, 414, 383, 203, 4.53%, 0, 0, 2, 3.56, 14632, 1397, 0, 0
2649, 0, 97, 414, 383, 203, 4.53%, 0, 0, 2, 3.60, 14651, 1397, 0, 0
2654, 0, 97, 414, 383, 203, 4.53%, 0, 0, 2, 3.48, 14669, 1397, 0, 0
2658, 0, 98, 414, 383, 203, 4.53%, 0, 0, 2, 0.00, 14683, 1397, 0, 0
2658, 0, 98, 414, 383, 203, 4.53%, 0, 0, 2, 0.00, 14683, 1397, 0, 0
2658, 0, 98, 414, 383, 203, 4.53%, 0, 0, 2, 0.00, 14683, 1397, 0, 0
2658, 0, 98, 414, 383, 203, 4.53%, 0, 0, 2, 0.00, 14683, 1397, 0, 0
2724, 0, 129, 451, 408, 237, 4.80%, 0, 0, 4, 24.96, 16282, 1478, 0, 0
2729, 0, 131, 453, 409, 237, 4.81%, 0, 0, 4, 24.72, 16412, 1481, 0, 0
2735, 0, 140, 455, 410, 237, 4.81%, 0, 0, 4, 29.40, 16549, 1483, 0, 0
2741, 0, 143, 458, 412, 239, 4.84%, 0, 0, 4, 9.10, 16702, 1490, 0, 0
2746, 0, 151, 458, 410, 238, 4.84%, 0, 0, 4, 19.70, 16822, 1490, 0, 0
2751, 0, 152, 458, 409, 237, 4.84%, 0, 0, 4, 22.12, 16924, 1490, 0, 0
2756, 0, 153, 458, 408, 236, 4.84%, 0, 0, 4, 22.68, 17041, 1490, 0, 0
2762, 0, 156, 458, 406, 234, 4.84%, 0, 0, 4, 22.85, 17169, 1490, 0, 0
2767, 0, 157, 458, 405, 233, 4.84%, 0, 0, 4, 21.98, 17284, 1490, 0, 0
2773, 0, 159, 459, 405, 232, 4.84%, 0, 0, 5, 22.91, 17401, 1490, 0, 0
2778, 0, 160, 459, 404, 231, 4.84%, 0, 0, 5, 22.10, 17506, 1490, 0, 0
2783, 0, 161, 459, 403, 230, 4.84%, 0, 0, 5, 22.41, 17621, 1490, 0, 0
2788, 0, 163, 459, 401, 228, 4.84%, 0, 0, 5, 22.28, 17738, 1490, 0, 0
2793, 0, 164, 459, 400, 227, 4.84%, 0, 0, 5, 22.85, 17855, 1490, 0, 0
2799, 0, 165, 459, 399, 226, 4.84%, 0, 0, 5, 22.06, 17968, 1490, 0, 0
2804, 0, 167, 459, 398, 225, 4.84%, 0, 0, 5, 24.01, 18093, 1490, 0, 0
2809, 0, 171, 459, 397, 224, 4.84%, 0, 0, 5, 23.61, 18209, 1490, 0, 0
2814, 0, 172, 459, 396, 223, 4.84%, 0, 0, 5, 24.37, 18333, 1490, 0, 0
2819, 0, 173, 459, 395, 222, 4.84%, 0, 0, 5, 23.78, 18454, 1490, 0, 0
2825, 0, 174, 459, 394, 221, 4.84%, 0, 0, 5, 23.88, 18587, 1490, 0, 0
2831, 0, 175, 459, 393, 220, 4.84%, 0, 0, 5, 23.20, 18718, 1490, 0, 0
2837, 0, 176, 459, 392, 219, 4.84%, 0, 0, 5, 23.88, 18866, 1490, 0, 0
2843, 0, 177, 459, 391, 218, 4.84%, 0, 0, 5, 23.71, 18996, 1490, 0, 0
2849, 0, 178, 459, 390, 217, 4.84%, 0, 0, 5, 24.11, 19147, 1490, 0, 0
2855, 0, 179, 459, 389, 216, 4.84%, 0, 0, 5, 24.09, 19277, 1490, 0, 0
2860, 0, 180, 459, 388, 215, 4.84%, 0, 0, 5, 23.17, 19407, 1490, 0, 0
2866, 0, 181, 459, 387, 214, 4.84%, 0, 0, 5, 22.80, 19537, 1490, 0, 0
2871, 0, 182, 459, 386, 213, 4.84%, 0, 0, 5, 24.44, 19666, 1490, 0, 0
2877, 0, 183, 459, 385, 212, 4.84%, 0, 0, 5, 24.78, 19797, 1490, 0, 0
2882, 0, 185, 459, 384, 211, 4.84%, 0, 0, 5, 24.17, 19927, 1490, 0, 0
2888, 0, 187, 459, 383, 210, 4.84%, 0, 0, 5, 22.77, 20055, 1490, 0, 0
2893, 0, 187, 461, 385, 210, 4.84%, 0, 0, 5, 23.93, 20177, 1492, 0, 0
2899, 0, 190, 463, 386, 211, 4.85%, 0, 0, 5, 25.23, 20339, 1494, 0, 0
2904, 0, 190, 464, 387, 211, 4.85%, 0, 0, 5, 24.49, 20458, 1494, 0, 0
2910, 0, 194, 464, 386, 211, 4.85%, 0, 0, 5, 24.13, 20581, 1494, 0, 0
2915, 0, 194, 464, 386, 211, 4.85%, 0, 0, 5, 23.46, 20697, 1494, 0, 0
2921, 0, 195, 465, 386, 211, 4.85%, 0, 0, 5, 24.05, 20833, 1495, 0, 0
2926, 0, 195, 465, 386, 211, 4.85%, 0, 0, 5, 24.03, 20939, 1495, 0, 0
2931, 0, 196, 465, 385, 210, 4.85%, 0, 0, 5, 22.70, 21056, 1495, 0, 0
2936, 0, 197, 466, 385, 209, 4.85%, 0, 0, 5, 24.19, 21183, 1495, 0, 0
2941, 0, 197, 468, 387, 209, 4.86%, 0, 0, 5, 24.55, 21307, 1497, 0, 0
2946, 0, 197, 470, 389, 209, 4.86%, 0, 0, 5, 23.62, 21427, 1498, 0, 0
2952, 0, 197, 472, 391, 209, 4.87%, 0, 0, 5, 23.31, 21555, 1500, 0, 0
2957, 0, 197, 473, 392, 209, 4.87%, 0, 0, 5, 24.09, 21678, 1500, 0, 0
2962, 0, 197, 475, 394, 209, 4.88%, 0, 0, 5, 24.68, 21816, 1502, 0, 0
2967, 0, 197, 477, 396, 209, 4.88%, 0, 0, 5, 24.24, 21936, 1504, 0, 0
2973, 0, 197, 477, 396, 209, 4.88%, 0, 0, 5, 23.73, 22057, 1504, 0, 0
2978, 0, 197, 477, 396, 209, 4.88%, 0, 0, 5, 24.67, 22184, 1504, 0, 0
2983, 0, 197, 478, 397, 209, 4.88%, 0, 0, 5, 24.37, 22310, 1505, 0, 0
2988, 0, 197, 479, 398, 209, 4.89%, 0, 0, 5, 25.20, 22449, 1507, 0, 0
2994, 0, 197, 481, 400, 209, 4.89%, 0, 0, 5, 24.09, 22576, 1507, 0, 0
2999, 0, 197, 482, 401, 209, 4.89%, 0, 0, 5, 23.92, 22699, 1508, 0, 0
3004, 0, 197, 484, 403, 209, 4.89%, 0, 0, 5, 24.33, 22823, 1508, 0, 0
3009, 0, 197, 485, 404, 209, 4.90%, 0, 0, 5, 22.82, 22938, 1511, 0, 0
3014, 0, 197, 486, 405, 209, 4.90%, 0, 0, 5, 24.18, 23064, 1511, 0, 0
3019, 0, 197, 488, 407, 209, 4.91%, 0, 0, 5, 24.94, 23194, 1513, 0, 0
3024, 0, 197, 488, 407, 209, 4.91%, 0, 0, 5, 24.37, 23317, 1513, 0, 0
3030, 0, 197, 488, 407, 209, 4.91%, 0, 0, 5, 23.59, 23433, 1513, 0, 0
3035, 0, 197, 489, 408, 209, 4.91%, 0, 0, 5, 24.18, 23557, 1514, 0, 0
3040, 0, 197, 489, 408, 209, 4.91%, 0, 0, 5, 23.91, 23682, 1514, 0, 0
3045, 0, 197, 490, 409, 209, 4.92%, 0, 0, 5, 23.67, 23805, 1515, 0, 0
3050, 0, 197, 491, 410, 209, 4.92%, 0, 0, 5, 23.69, 23923, 1516, 0, 0
3055, 0, 197, 491, 410, 209, 4.92%, 0, 0, 5, 24.83, 24052, 1516, 0, 0
3060, 0, 198, 491, 409, 222, 4.92%, 0, 0, 5, 23.99, 24175, 1516, 0, 0
3067, 0, 199, 491, 408, 221, 4.92%, 0, 0, 5, 23.52, 24322, 1516, 0, 0
3072, 0, 199, 492, 409, 221, 4.92%, 0, 0, 5, 22.46, 24435, 1517, 0, 0
3077, 0, 200, 492, 408, 221, 4.92%, 0, 0, 5, 22.92, 24553, 1517, 0, 0
3082, 0, 201, 492, 407, 220, 4.92%, 0, 0, 5, 23.30, 24671, 1517, 0, 0
3089, 0, 202, 492, 406, 219, 4.92%, 0, 0, 5, 23.54, 24812, 1517, 0, 0
3096, 0, 205, 492, 405, 218, 4.92%, 0, 0, 5, 23.98, 24983, 1517, 0, 0
3101, 0, 205, 492, 405, 218, 4.92%, 0, 0, 5, 23.99, 25099, 1517, 0, 0
3106, 0, 206, 492, 404, 217, 4.92%, 0, 0, 5, 23.82, 25221, 1517, 0, 0
3111, 0, 207, 492, 403, 216, 4.92%, 0, 0, 5, 23.92, 25340, 1517, 0, 0
3117, 0, 208, 492, 402, 215, 4.92%, 0, 0, 5, 24.38, 25490, 1517, 0, 0
3122, 0, 208, 492, 402, 215, 4.92%, 0, 0, 5, 11.04, 25604, 1517, 0, 0
3129, 0, 211, 493, 401, 213, 4.93%, 0, 0, 5, 18.42, 25762, 1518, 0, 0
3134, 0, 213, 493, 400, 213, 4.93%, 0, 0, 5, 20.82, 25880, 1518, 0, 0
3139, 0, 214, 494, 400, 212, 4.93%, 0, 0, 5, 24.08, 26001, 1518, 0, 0
3145, 0, 215, 495, 400, 212, 4.93%, 0, 0, 5, 25.40, 26163, 1519, 0, 0
3151, 0, 216, 495, 399, 211, 4.93%, 0, 0, 5, 25.66, 26301, 1519, 0, 0
3156, 0, 217, 495, 398, 210, 4.93%, 0, 0, 5, 25.49, 26425, 1519, 0, 0
3161, 0, 218, 495, 397, 209, 4.93%, 0, 0, 5, 24.60, 26545, 1519, 0, 0
3166, 0, 220, 495, 396, 208, 4.93%, 0, 0, 5, 25.65, 26663, 1519, 0, 0
3171, 0, 221, 496, 396, 207, 4.93%, 0, 0, 5, 26.02, 26784, 1519, 0, 0
3176, 0, 223, 496, 395, 206, 4.93%, 0, 0, 5, 2.61, 26901, 1519, 0, 0
3181, 0, 224, 497, 395, 205, 4.93%, 0, 0, 5, 4.74, 27020, 1520, 0, 0
3187, 0, 224, 501, 399, 205, 4.93%, 0, 0, 5, 25.59, 27151, 1520, 0, 0
3192, 0, 224, 503, 401, 205, 4.93%, 0, 0, 5, 24.73, 27277, 1520, 0, 0
3197, 0, 224, 503, 401, 205, 4.93%, 0, 0, 5, 24.48, 27399, 1520, 0, 0
3202, 0, 224, 503, 401, 205, 4.93%, 0, 0, 5, 24.09, 27522, 1520, 0, 0
3207, 0, 224, 503, 401, 205, 4.93%, 0, 0, 5, 24.33, 27647, 1520, 0, 0
3212, 0, 224, 504, 402, 205, 4.93%, 0, 0, 5, 24.46, 27772, 1520, 0, 0
3217, 0, 224, 505, 403, 205, 4.94%, 0, 0, 5, 24.28, 27899, 1521, 0, 0
3222, 0, 224, 506, 404, 205, 4.94%, 0, 0, 5, 23.93, 28021, 1521, 0, 0
3227, 0, 224, 506, 404, 205, 4.94%, 0, 0, 5, 24.24, 28145, 1521, 0, 0
3233, 0, 224, 506, 404, 205, 4.94%, 0, 0, 5, 22.98, 28262, 1521, 0, 0
3238, 0, 224, 506, 404, 205, 4.94%, 0, 0, 5, 23.70, 28386, 1521, 0, 0
3243, 0, 224, 506, 404, 205, 4.94%, 0, 0, 5, 24.19, 28511, 1521, 0, 0
3248, 0, 224, 507, 405, 205, 4.94%, 0, 0, 5, 24.20, 28637, 1521, 0, 0
3253, 0, 224, 508, 406, 205, 4.94%, 0, 0, 5, 24.67, 28764, 1521, 0, 0
3258, 0, 224, 508, 406, 205, 4.94%, 0, 0, 5, 24.22, 28888, 1521, 0, 0
3263, 0, 224, 508, 406, 205, 4.94%, 0, 0, 5, 23.84, 29010, 1521, 0, 0
3269, 0, 224, 508, 406, 205, 4.94%, 0, 0, 5, 24.20, 29134, 1521, 0, 0
3274, 0, 224, 508, 406, 205, 4.94%, 0, 0, 5, 24.15, 29258, 1521, 0, 0
3279, 0, 224, 508, 406, 205, 4.94%, 0, 0, 5, 24.35, 29386, 1521, 0, 0
3284, 0, 224, 508, 406, 205, 4.94%, 0, 0, 5, 23.82, 29506, 1521, 0, 0
3289, 0, 224, 508, 406, 205, 4.94%, 0, 0, 5, 24.64, 29631, 1521, 0, 0
3294, 0, 225, 511, 408, 204, 4.95%, 0, 0, 5, 24.38, 29755, 1525, 0, 0
3299, 0, 225, 521, 418, 204, 4.97%, 0, 0, 5, 24.92, 29884, 1530, 0, 0
3304, 0, 225, 531, 428, 204, 4.98%, 0, 0, 5, 25.35, 30013, 1535, 0, 0
3310, 0, 225, 541, 438, 204, 5.01%, 0, 0, 5, 25.67, 30150, 1543, 0, 0
3315, 0, 225, 552, 449, 204, 5.02%, 0, 0, 5, 25.24, 30289, 1547, 0, 0
3320, 0, 225, 562, 459, 204, 5.03%, 0, 0, 5, 25.25, 30416, 1551, 0, 0
3325, 0, 225, 573, 470, 204, 5.05%, 0, 0, 5, 26.44, 30559, 1555, 0, 0
3330, 0, 225, 583, 480, 204, 5.05%, 0, 0, 5, 25.98, 30690, 1557, 0, 0
3336, 0, 225, 593, 490, 204, 5.06%, 0, 0, 5, 26.01, 30823, 1559, 0, 0
3341, 0, 225, 602, 499, 204, 5.12%, 0, 0, 5, 26.00, 30955, 1578, 0, 0
3346, 0, 225, 611, 508, 204, 5.15%, 0, 0, 5, 25.85, 31096, 1587, 0, 0
3351, 0, 225, 620, 517, 204, 5.30%, 0, 0, 5, 25.52, 31221, 1633, 0, 0
3356, 0, 225, 629, 526, 204, 5.33%, 0, 0, 5, 25.18, 31351, 1642, 0, 0
3362, 0, 225, 637, 534, 204, 5.38%, 0, 0, 5, 25.75, 31482, 1657, 0, 0
3367, 0, 225, 640, 537, 265, 5.39%, 0, 0, 5, 26.09, 31617, 1662, 0, 0
3372, 0, 227, 640, 536, 264, 5.39%, 0, 0, 5, 24.57, 31737, 1662, 0, 0
3377, 0, 231, 640, 535, 263, 5.39%, 0, 0, 5, 24.32, 31855, 1662, 0, 0
3382, 0, 247, 640, 534, 262, 5.39%, 0, 0, 5, 23.68, 31968, 1662, 0, 0
3387, 0, 250, 640, 533, 261, 5.39%, 0, 0, 5, 23.44, 32088, 1662, 0, 0
3393, 0, 253, 640, 532, 260, 5.39%, 0, 0, 5, 23.79, 32227, 1662, 0, 0
3400, 0, 254, 640, 531, 259, 5.39%, 0, 0, 5, 24.09, 32378, 1662, 0, 0
3406, 0, 255, 641, 531, 258, 5.39%, 0, 0, 5, 22.23, 32528, 1662, 0, 0
3412, 0, 256, 641, 530, 258, 5.39%, 0, 0, 5, 21.60, 32670, 1662, 0, 0
3419, 0, 257, 641, 529, 257, 5.39%, 0, 0, 5, 22.77, 32817, 1662, 0, 0
3425, 0, 258, 641, 528, 256, 5.39%, 0, 0, 5, 23.56, 32967, 1662, 0, 0
3432, 0, 260, 641, 527, 255, 5.39%, 0, 0, 5, 25.39, 33119, 1662, 0, 0
3438, 0, 263, 641, 526, 254, 5.39%, 0, 0, 5, 24.01, 33272, 1662, 0, 0
3444, 0, 264, 641, 525, 253, 5.39%, 0, 0, 5, 23.96, 33413, 1662, 0, 0
3450, 0, 266, 641, 524, 252, 5.39%, 0, 0, 5, 24.06, 33552, 1662, 0, 0
3457, 0, 267, 641, 523, 251, 5.39%, 0, 0, 5, 22.66, 33695, 1662, 0, 0
3463, 0, 268, 641, 522, 250, 5.39%, 0, 0, 5, 23.04, 33848, 1662, 0, 0
3468, 0, 268, 641, 522, 250, 5.39%, 0, 0, 5, 26.15, 33962, 1662, 0, 0
3473, 0, 270, 642, 522, 249, 5.40%, 0, 0, 5, 24.57, 34077, 1663, 0, 0
3480, 0, 271, 644, 523, 250, 5.41%, 0, 0, 5, 23.81, 34238, 1666, 0, 0
3487, 0, 274, 645, 523, 249, 5.41%, 0, 0, 5, 23.07, 34391, 1666, 0, 0
3493, 0, 275, 645, 522, 249, 5.41%, 0, 0, 5, 23.87, 34543, 1666, 0, 0
3500, 0, 277, 645, 521, 248, 5.41%, 0, 0, 5, 23.88, 34691, 1666, 0, 0
3506, 0, 281, 645, 520, 247, 5.41%, 0, 0, 5, 22.40, 34839, 1666, 0, 0
3513, 0, 282, 645, 519, 246, 5.41%, 0, 0, 5, 22.78, 34981, 1666, 0, 0
3518, 0, 282, 645, 519, 246, 5.41%, 0, 0, 5, 22.59, 35095, 1666, 0, 0
3523, 0, 284, 645, 518, 245, 5.41%, 0, 0, 5, 23.59, 35214, 1666, 0, 0
3528, 0, 285, 645, 517, 244, 5.41%, 0, 0, 5, 22.80, 35326, 1666, 0, 0
3534, 0, 285, 646, 518, 244, 5.41%, 0, 0, 5, 22.47, 35448, 1667, 0, 0
3539, 0, 285, 648, 520, 244, 5.45%, 0, 0, 5, 24.07, 35573, 1678, 0, 0
3544, 0, 285, 648, 520, 244, 5.45%, 0, 0, 5, 22.82, 35689, 1678, 0, 0
3549, 0, 285, 648, 520, 244, 5.45%, 0, 0, 5, 23.19, 35806, 1678, 0, 0
3554, 0, 285, 649, 521, 244, 5.45%, 0, 0, 5, 23.82, 35925, 1678, 0, 0
3559, 0, 287, 649, 520, 246, 5.45%, 0, 0, 5, 24.16, 36050, 1678, 0, 0
3566, 0, 288, 649, 519, 245, 5.45%, 0, 0, 5, 23.71, 36201, 1678, 0, 0
3572, 0, 290, 649, 518, 244, 5.45%, 0, 0, 5, 22.81, 36346, 1678, 0, 0
3579, 0, 291, 649, 517, 243, 5.45%, 0, 0, 5, 23.24, 36497, 1678, 0, 0
3585, 0, 293, 649, 516, 242, 5.45%, 0, 0, 5, 23.39, 36646, 1678, 0, 0
3590, 0, 293, 649, 516, 242, 5.45%, 0, 0, 5, 25.18, 36762, 1678, 0, 0
3595, 0, 294, 649, 515, 241, 5.45%, 0, 0, 5, 24.99, 36886, 1678, 0, 0
3601, 0, 296, 649, 514, 240, 5.45%, 0, 0, 5, 23.29, 37001, 1678, 0, 0
3607, 0, 297, 649, 513, 239, 5.45%, 0, 0, 5, 22.97, 37135, 1678, 0, 0
3614, 0, 300, 649, 512, 238, 5.45%, 0, 0, 5, 22.79, 37296, 1678, 0, 0
3619, 0, 300, 649, 512, 238, 5.45%, 0, 0, 5, 23.62, 37415, 1678, 0, 0
3624, 0, 301, 649, 511, 237, 5.45%, 0, 0, 5, 24.60, 37544, 1678, 0, 0
3631, 0, 304, 650, 511, 236, 5.45%, 0, 0, 5, 23.19, 37702, 1678, 0, 0
3636, 0, 304, 650, 511, 236, 5.45%, 0, 0, 5, 23.12, 37816, 1678, 0, 0
3641, 0, 306, 652, 512, 235, 5.46%, 0, 0, 5, 23.31, 37934, 1681, 0, 0
3648, 0, 307, 652, 511, 236, 5.46%, 0, 0, 5, 22.57, 38089, 1681, 0, 0
3655, 0, 308, 652, 510, 235, 5.46%, 0, 0, 5, 24.05, 38240, 1681, 0, 0
3660, 0, 308, 652, 510, 235, 5.46%, 0, 0, 5, 23.61, 38354, 1681, 0, 0
3665, 0, 310, 652, 509, 234, 5.46%, 0, 0, 5, 24.21, 38481, 1681, 0, 0
3670, 0, 311, 652, 508, 233, 5.46%, 0, 0, 5, 23.93, 38603, 1681, 0, 0
3675, 0, 312, 652, 507, 232, 5.46%, 0, 0, 5, 24.49, 38731, 1681, 0, 0
3680, 0, 314, 652, 506, 231, 5.46%, 0, 0, 5, 22.87, 38845, 1681, 0, 0
3687, 0, 315, 652, 505, 230, 5.46%, 0, 0, 5, 22.97, 38994, 1681, 0, 0
3692, 0, 315, 652, 505, 230, 5.46%, 0, 0, 5, 23.37, 39112, 1681, 0, 0
3697, 0, 317, 652, 504, 229, 5.46%, 0, 0, 5, 23.40, 39233, 1681, 0, 0
3702, 0, 318, 652, 503, 228, 5.46%, 0, 0, 5, 23.72, 39358, 1681, 0, 0
3707, 0, 319, 652, 502, 227, 5.46%, 0, 0, 5, 23.67, 39469, 1681, 0, 0
3713, 0, 321, 652, 501, 226, 5.46%, 0, 0, 5, 23.79, 39599, 1681, 0, 0
3719, 0, 325, 652, 500, 225, 5.46%, 0, 0, 5, 23.39, 39742, 1681, 0, 0
3724, 0, 325, 652, 500, 225, 5.46%, 0, 0, 5, 23.80, 39851, 1681, 0, 0
3729, 0, 326, 652, 499, 224, 5.46%, 0, 0, 5, 24.85, 39979, 1681, 0, 0
3735, 0, 329, 653, 499, 223, 5.46%, 0, 0, 5, 24.19, 40106, 1682, 0, 0
3740, 0, 329, 654, 500, 223, 5.47%, 0, 0, 5, 23.54, 40222, 1684, 0, 0
3745, 0, 332, 654, 499, 224, 5.47%, 0, 0, 5, 24.03, 40347, 1684, 0, 0
3750, 0, 333, 654, 498, 223, 5.47%, 0, 0, 5, 23.75, 40476, 1684, 0, 0
3757, 0, 335, 654, 497, 222, 5.47%, 0, 0, 5, 23.85, 40632, 1684, 0, 0
3763, 0, 336, 654, 496, 221, 5.47%, 0, 0, 5, 24.43, 40788, 1684, 0, 0
3770, 0, 337, 654, 495, 220, 5.47%, 0, 0, 5, 25.13, 40944, 1684, 0, 0
3776, 0, 338, 654, 494, 219, 5.47%, 0, 0, 5, 25.51, 41098, 1684, 0, 0
3783, 0, 339, 655, 494, 219, 5.47%, 0, 0, 5, 24.55, 41265, 1685, 0, 0
3789, 0, 340, 655, 493, 218, 5.47%, 0, 0, 5, 23.64, 41410, 1685, 0, 0
3796, 0, 342, 655, 492, 217, 5.47%, 0, 0, 5, 23.93, 41562, 1685, 0, 0
3802, 0, 343, 655, 491, 216, 5.47%, 0, 0, 5, 23.98, 41717, 1685, 0, 0
3807, 0, 345, 656, 491, 215, 5.48%, 0, 0, 5, 24.43, 41847, 1687, 0, 0
3813, 0, 345, 658, 493, 215, 5.48%, 0, 0, 5, 24.54, 41972, 1689, 0, 0
3818, 0, 346, 658, 492, 217, 5.48%, 0, 0, 5, 24.85, 42097, 1689, 0, 0
3823, 0, 346, 660, 494, 217, 5.49%, 0, 0, 5, 22.94, 42208, 1691, 0, 0
3828, 0, 347, 660, 493, 218, 5.49%, 0, 0, 5, 23.86, 42332, 1691, 0, 0
3835, 0, 348, 661, 493, 218, 5.50%, 0, 0, 5, 23.29, 42494, 1695, 0, 0
3842, 0, 349, 662, 493, 217, 5.51%, 0, 0, 5, 23.62, 42658, 1699, 0, 0
3847, 0, 349, 662, 493, 217, 5.51%, 0, 0, 5, 24.40, 42784, 1699, 0, 0
3852, 0, 350, 662, 492, 216, 5.51%, 0, 0, 5, 6.00, 42906, 1699, 0, 0
3857, 0, 353, 663, 492, 215, 5.51%, 0, 0, 5, 17.81, 43037, 1699, 0, 0
3862, 0, 354, 663, 491, 214, 5.51%, 0, 0, 5, 21.67, 43161, 1699, 0, 0
3868, 0, 355, 663, 490, 213, 5.51%, 0, 0, 5, 23.01, 43301, 1699, 0, 0
3875, 0, 356, 663, 489, 212, 5.51%, 0, 0, 5, 23.29, 43449, 1699, 0, 0
3882, 0, 359, 663, 488, 211, 5.51%, 0, 0, 5, 21.36, 43591, 1699, 0, 0
3887, 0, 359, 663, 488, 211, 5.51%, 0, 0, 5, 21.60, 43690, 1699, 0, 0
3892, 0, 360, 663, 487, 210, 5.51%, 0, 0, 5, 22.34, 43807, 1699, 0, 0
3898, 0, 361, 663, 486, 209, 5.51%, 0, 0, 5, 22.99, 43929, 1699, 0, 0
3903, 0, 362, 664, 486, 208, 5.52%, 0, 0, 5, 22.89, 44045, 1700, 0, 0
3909, 0, 363, 664, 485, 208, 5.52%, 0, 0, 5, 23.30, 44198, 1700, 0, 0
3916, 0, 365, 664, 484, 207, 5.52%, 0, 0, 5, 12.51, 44353, 1700, 0, 0
3922, 0, 366, 664, 483, 206, 5.52%, 0, 0, 5, 20.67, 44509, 1700, 0, 0
3928, 0, 367, 664, 482, 205, 5.52%, 0, 0, 5, 21.88, 44621, 1700, 0, 0
3934, 0, 368, 664, 481, 204, 5.52%, 0, 0, 5, 21.81, 44773, 1700, 0, 0
3941, 0, 369, 664, 480, 203, 5.52%, 0, 0, 5, 22.53, 44922, 1700, 0, 0
3946, 0, 369, 665, 481, 203, 5.52%, 0, 0, 5, 21.93, 45034, 1702, 0, 0
3951, 0, 370, 665, 480, 203, 5.52%, 0, 0, 5, 23.78, 45151, 1702, 0, 0
3957, 0, 372, 665, 479, 202, 5.52%, 0, 0, 5, 23.25, 45266, 1702, 0, 0
3962, 0, 375, 665, 478, 201, 5.52%, 0, 0, 5, 23.37, 45374, 1702, 0, 0
3967, 0, 376, 665, 477, 200, 5.52%, 0, 0, 5, 13.33, 45489, 1702, 0, 0
3972, 0, 377, 669, 480, 199, 5.53%, 0, 0, 5, 19.36, 45607, 1703, 0, 0
3977, 0, 377, 679, 490, 199, 5.56%, 0, 0, 5, 23.26, 45753, 1714, 0, 0
3983, 0, 377, 689, 500, 199, 5.60%, 0, 0, 5, 24.91, 45896, 1724, 0, 0
3988, 0, 377, 698, 509, 199, 5.62%, 0, 0, 5, 26.22, 46045, 1733, 0, 0
3993, 0, 377, 706, 517, 199, 5.68%, 0, 0, 5, 0.00, 46149, 1749, 0, 0
3993, 0, 377, 706, 517, 199, 5.68%, 0, 0, 5, 0.00, 46149, 1749, 0, 0
3993, 0, 377, 706, 517, 199, 5.68%, 0, 0, 5, 0.00, 46149, 1749, 0, 0
3993, 0, 377, 706, 517, 199, 5.68%, 0, 0, 5, 0.00, 46149, 1749, 0, 0
4055, 0, 378, 763, 574, 199, 5.75%, 0, 0, 5, 23.26, 47813, 1771, 0, 0
4060, 0, 378, 763, 574, 199, 5.75%, 0, 0, 5, 23.61, 47931, 1771, 0, 0
4065, 0, 378, 767, 578, 199, 5.75%, 0, 0, 5, 23.29, 48049, 1772, 0, 0
4070, 0, 378, 769, 580, 199, 5.75%, 0, 0, 5, 23.27, 48169, 1772, 0, 0
4075, 0, 378, 770, 581, 199, 5.75%, 0, 0, 5, 23.36, 48288, 1772, 0, 0
4080, 0, 378, 771, 582, 199, 5.75%, 0, 0, 5, 23.60, 48408, 1772, 0, 0
4085, 0, 378, 773, 584, 199, 5.75%, 0, 0, 5, 23.69, 48526, 1772, 0, 0
4091, 0, 378, 775, 586, 199, 5.75%, 0, 0, 5, 23.93, 48647, 1772, 0, 0
4096, 0, 378, 777, 588, 199, 5.75%, 0, 0, 5, 23.09, 48763, 1772, 0, 0
4101, 0, 378, 779, 590, 199, 5.85%, 0, 0, 5, 23.62, 48894, 1801, 0, 0
4106, 0, 378, 781, 592, 199, 5.85%, 0, 0, 5, 23.33, 49007, 1802, 0, 0
4111, 0, 378, 782, 593, 199, 5.85%, 0, 0, 5, 23.97, 49133, 1802, 0, 0
4117, 0, 378, 783, 594, 199, 5.85%, 0, 0, 5, 21.40, 49248, 1802, 0, 0
4122, 0, 378, 785, 596, 199, 5.86%, 0, 0, 5, 22.01, 49357, 1804, 0, 0
4127, 0, 378, 787, 598, 199, 5.86%, 0, 0, 5, 22.93, 49473, 1805, 0, 0
4132, 0, 378, 789, 600, 199, 5.86%, 0, 0, 5, 23.33, 49592, 1805, 0, 0
4137, 0, 378, 790, 601, 199, 5.86%, 0, 0, 5, 23.63, 49711, 1805, 0, 0
4142, 0, 378, 792, 603, 199, 5.86%, 0, 0, 5, 23.79, 49833, 1806, 0, 0
4147, 0, 378, 794, 605, 199, 5.86%, 0, 0, 5, 23.64, 49949, 1806, 0, 0
4153, 0, 378, 796, 607, 199, 5.87%, 0, 0, 5, 24.41, 50077, 1808, 0, 0
4158, 0, 378, 799, 610, 199, 5.87%, 0, 0, 5, 24.05, 50196, 1808, 0, 0
4163, 0, 378, 799, 610, 199, 5.87%, 0, 0, 5, 24.54, 50324, 1808, 0, 0
4168, 0, 378, 800, 611, 199, 5.87%, 0, 0, 5, 24.16, 50448, 1808, 0, 0
4173, 0, 378, 801, 612, 199, 5.87%, 0, 0, 5, 24.01, 50568, 1808, 0, 0
4178, 0, 378, 801, 612, 199, 5.87%, 0, 0, 5, 23.98, 50691, 1808, 0, 0
4183, 0, 378, 801, 612, 199, 5.87%, 0, 0, 5, 24.10, 50812, 1808, 0, 0
4189, 0, 378, 803, 614, 199, 5.87%, 0, 0, 5, 24.15, 50933, 1809, 0, 0
4194, 0, 378, 803, 614, 199, 5.87%, 0, 0, 5, 21.83, 51042, 1809, 0, 0
4199, 0, 378, 803, 614, 199, 5.87%, 0, 0, 5, 21.23, 51151, 1809, 0, 0
4204, 0, 378, 804, 615, 199, 5.87%, 0, 0, 5, 23.34, 51274, 1809, 0, 0
4209, 0, 378, 805, 616, 199, 5.87%, 0, 0, 5, 23.18, 51395, 1810, 0, 0
4214, 0, 378, 806, 617, 199, 5.87%, 0, 0, 5, 23.70, 51515, 1810, 0, 0
4219, 0, 378, 806, 617, 199, 5.87%, 0, 0, 5, 23.25, 51633, 1810, 0, 0
4224, 0, 378, 806, 617, 199, 5.87%, 0, 0, 5, 21.94, 51737, 1810, 0, 0
4229, 0, 378, 807, 618, 199, 5.87%, 0, 0, 5, 21.65, 51847, 1810, 0, 0
4235, 0, 378, 808, 619, 199, 5.87%, 0, 0, 5, 23.53, 51969, 1810, 0, 0
4240, 0, 378, 808, 619, 199, 5.87%, 0, 0, 5, 23.81, 52091, 1810, 0, 0
4245, 0, 378, 808, 619, 199, 5.87%, 0, 0, 5, 23.66, 52211, 1810, 0, 0
4250, 0, 378, 809, 620, 199, 5.87%, 0, 0, 5, 22.19, 52323, 1810, 0, 0
4255, 0, 378, 809, 620, 199, 5.87%, 0, 0, 5, 21.14, 52432, 1810, 0, 0
4260, 0, 378, 809, 620, 199, 5.87%, 0, 0, 5, 22.99, 52551, 1810, 0, 0
4265, 0, 378, 809, 620, 199, 5.87%, 0, 0, 5, 21.22, 52657, 1810, 0, 0
4270, 0, 378, 809, 620, 199, 5.87%, 0, 0, 5, 23.97, 52782, 1810, 0, 0
4275, 0, 378, 810, 621, 199, 5.88%, 0, 0, 5, 23.87, 52902, 1811, 0, 0
4280, 0, 378, 811, 622, 199, 5.88%, 0, 0, 5, 22.95, 53016, 1811, 0, 0
4286, 0, 378, 811, 622, 199, 5.88%, 0, 0, 5, 23.79, 53138, 1811, 0, 0
4291, 0, 378, 812, 623, 199, 5.88%, 0, 0, 5, 23.04, 53252, 1811, 0, 0
4296, 0, 378, 813, 624, 199, 5.88%, 0, 0, 5, 24.11, 53376, 1811, 0, 0
4301, 0, 378, 813, 624, 199, 5.88%, 0, 0, 5, 23.81, 53496, 1811, 0, 0
4306, 0, 378, 815, 626, 199, 5.88%, 0, 0, 5, 23.69, 53621, 1812, 0, 0
4311, 0, 378, 815, 626, 199, 5.88%, 0, 0, 5, 24.32, 53747, 1812, 0, 0
4316, 0, 378, 815, 626, 199, 5.88%, 0, 0, 5, 23.19, 53864, 1812, 0, 0
4321, 0, 378, 815, 626, 199, 5.88%, 0, 0, 5, 23.60, 53983, 1812, 0, 0
4326, 0, 378, 815, 626, 199, 5.88%, 0, 0, 5, 23.57, 54101, 1812, 0, 0
4331, 0, 378, 815, 626, 199, 5.88%, 0, 0, 5, 23.49, 54223, 1812, 0, 0
4336, 0, 378, 815, 626, 199, 5.88%, 0, 0, 5, 22.86, 54339, 1812, 0, 0
4342, 0, 378, 815, 626, 199, 5.88%, 0, 0, 5, 23.57, 54463, 1812, 0, 0
4347, 0, 378, 818, 629, 199, 5.88%, 0, 0, 5, 24.06, 54586, 1813, 0, 0
4352, 0, 378, 818, 629, 199, 5.88%, 0, 0, 5, 23.05, 54702, 1813, 0, 0
4357, 0, 378, 818, 629, 199, 5.88%, 0, 0, 5, 23.72, 54824, 1813, 0, 0
4362, 0, 378, 819, 630, 199, 5.88%, 0, 0, 5, 23.23, 54944, 1813, 0, 0
4367, 0, 378, 819, 630, 199, 5.88%, 0, 0, 5, 23.30, 55062, 1813, 0, 0
4372, 0, 378, 819, 630, 199, 5.88%, 0, 0, 5, 23.72, 55181, 1813, 0, 0
4377, 0, 378, 819, 630, 199, 5.88%, 0, 0, 5, 23.33, 55298, 1813, 0, 0
4382, 0, 378, 819, 630, 199, 5.88%, 0, 0, 5, 23.10, 55416, 1813, 0, 0
4388, 0, 378, 820, 631, 199, 5.88%, 0, 0, 5, 23.54, 55537, 1813, 0, 0
4393, 0, 378, 822, 633, 199, 5.88%, 0, 0, 5, 23.96, 55656, 1813, 0, 0
4398, 0, 378, 823, 634, 199, 5.88%, 0, 0, 5, 23.98, 55776, 1813, 0, 0
4403, 0, 378, 824, 635, 199, 5.89%, 0, 0, 5, 24.68, 55904, 1814, 0, 0
4408, 0, 378, 824, 635, 199, 5.89%, 0, 0, 5, 24.09, 56026, 1814, 0, 0
4413, 0, 378, 825, 636, 199, 5.89%, 0, 0, 5, 24.09, 56148, 1814, 0, 0
4418, 0, 378, 826, 637, 199, 5.89%, 0, 0, 5, 23.82, 56267, 1815, 0, 0
4423, 0, 378, 826, 637, 199, 5.89%, 0, 0, 5, 23.75, 56386, 1815, 0, 0
4428, 0, 378, 827, 638, 199, 5.89%, 0, 0, 5, 24.00, 56508, 1815, 0, 0
4433, 0, 378, 827, 638, 199, 5.89%, 0, 0, 5, 24.00, 56632, 1815, 0, 0
4438, 0, 378, 827, 638, 199, 5.89%, 0, 0, 5, 23.15, 56748, 1815, 0, 0
4443, 0, 378, 828, 639, 199, 5.89%, 0, 0, 5, 23.19, 56866, 1815, 0, 0
4448, 0, 378, 828, 639, 199, 5.89%, 0, 0, 5, 24.16, 56988, 1815, 0, 0
4454, 0, 378, 830, 641, 199, 5.89%, 0, 0, 5, 23.57, 57113, 1816, 0, 0
4459, 0, 378, 830, 641, 199, 5.89%, 0, 0, 5, 23.84, 57234, 1816, 0, 0
4464, 0, 378, 830, 641, 199, 5.89%, 0, 0, 5, 23.87, 57355, 1816, 0, 0
4470, 0, 460, 830, 640, 85, 5.89%, 0, 0, 5, 24.13, 57501, 1816, 0, 0
4475, 0, 460, 830, 640, 85, 5.89%, 0, 0, 5, 27.01, 57610, 1816, 0, 0
4480, 0, 460, 830, 640, 85, 5.89%, 0, 0, 5, 25.41, 57736, 1816, 0, 0
4485, 0, 647, 830, 639, 85, 5.89%, 0, 0, 5, 25.01, 57859, 1816, 0, 0
4491, 0, 647, 831, 640, 85, 5.89%, 0, 0, 5, 24.03, 57982, 1816, 0, 0
4496, 0, 647, 833, 642, 85, 5.89%, 0, 0, 5, 23.43, 58113, 1816, 0, 0
4501, 0, 647, 833, 642, 85, 5.89%, 0, 0, 5, 23.57, 58234, 1816, 0, 0
4506, 0, 647, 833, 642, 85, 5.89%, 0, 0, 5, 23.93, 58356, 1816, 0, 0
4511, 0, 647, 833, 642, 85, 5.89%, 0, 0, 5, 23.98, 58478, 1816, 0, 0
4516, 0, 647, 833, 642, 85, 5.89%, 0, 0, 5, 24.18, 58599, 1816, 0, 0
4521, 0, 647, 833, 642, 85, 5.89%, 0, 0, 5, 24.06, 58720, 1816, 0, 0
4527, 0, 706, 833, 641, 85, 5.89%, 0, 0, 5, 25.04, 58851, 1816, 0, 0
4532, 0, 706, 833, 641, 85, 5.89%, 0, 0, 5, 26.14, 58987, 1816, 0, 0
4537, 0, 706, 834, 642, 85, 5.90%, 0, 0, 5, 24.89, 59114, 1817, 0, 0
4542, 0, 706, 834, 642, 85, 5.90%, 0, 0, 5, 24.32, 59237, 1817, 0, 0
4547, 0, 706, 834, 642, 85, 5.90%, 0, 0, 5, 23.87, 59357, 1817, 0, 0
4552, 0, 706, 834, 642, 85, 5.90%, 0, 0, 5, 23.91, 59477, 1817, 0, 0
4557, 0, 706, 834, 642, 85, 5.90%, 0, 0, 5, 22.84, 59592, 1817, 0, 0
4562, 0, 706, 834, 642, 85, 5.90%, 0, 0, 5, 23.69, 59712, 1817, 0, 0
4567, 0, 708, 834, 641, 85, 5.90%, 0, 0, 5, 25.32, 59850, 1817, 0, 0
4572, 0, 708, 835, 642, 85, 5.90%, 0, 0, 5, 24.90, 59972, 1817, 0, 0
4577, 0, 708, 836, 643, 85, 5.90%, 0, 0, 5, 26.38, 60105, 1817, 0, 0
4583, 0, 708, 836, 643, 85, 5.90%, 0, 0, 5, 25.83, 60237, 1817, 0, 0
4588, 0, 708, 836, 643, 85, 5.90%, 0, 0, 5, 27.14, 60373, 1817, 0, 0
4593, 0, 708, 836, 643, 85, 5.90%, 0, 0, 5, 25.97, 60503, 1817, 0, 0
4598, 0, 708, 836, 643, 85, 5.90%, 0, 0, 5, 24.22, 60622, 1817, 0, 0
4603, 0, 708, 836, 643, 85, 5.90%, 0, 0, 5, 24.07, 60745, 1817, 0, 0
4608, 0, 708, 837, 644, 85, 5.90%, 0, 0, 5, 23.42, 60866, 1817, 0, 0
4613, 0, 708, 838, 645, 85, 5.90%, 0, 0, 5, 23.65, 60990, 1817, 0, 0
4618, 0, 708, 839, 646, 85, 5.90%, 0, 0, 5, 23.84, 61112, 1818, 0, 0
4623, 0, 708, 839, 646, 85, 5.90%, 0, 0, 5, 23.19, 61230, 1818, 0, 0
4628, 0, 708, 839, 646, 85, 5.90%, 0, 0, 5, 24.19, 61353, 1818, 0, 0
4634, 0, 708, 839, 646, 85, 5.90%, 0, 0, 5, 23.65, 61475, 1818, 0, 0
4639, 0, 708, 839, 646, 85, 5.90%, 0, 0, 5, 23.60, 61594, 1818, 0, 0
4644, 0, 708, 840, 647, 85, 5.90%, 0, 0, 5, 23.53, 61714, 1818, 0, 0
4649, 0, 708, 840, 647, 85, 5.90%, 0, 0, 5, 24.58, 61842, 1818, 0, 0
4654, 0, 708, 840, 647, 85, 5.90%, 0, 0, 5, 24.19, 61963, 1818, 0, 0
4659, 0, 708, 840, 647, 85, 5.90%, 0, 0, 5, 24.31, 62086, 1818, 0, 0
4664, 0, 708, 841, 648, 85, 5.90%, 0, 0, 5, 24.06, 62207, 1818, 0, 0
4669, 0, 708, 842, 649, 85, 5.90%, 0, 0, 5, 23.92, 62329, 1818, 0, 0
4674, 0, 708, 842, 649, 85, 5.90%, 0, 0, 5, 23.41, 62447, 1818, 0, 0
4679, 0, 708, 842, 649, 85, 5.90%, 0, 0, 5, 23.60, 62568, 1818, 0, 0
4684, 0, 708, 842, 649, 85, 5.90%, 0, 0, 5, 23.51, 62688, 1818, 0, 0
4690, 0, 708, 843, 650, 85, 5.90%, 0, 0, 5, 23.65, 62807, 1818, 0, 0
4695, 0, 708, 843, 650, 85, 5.90%, 0, 0, 5, 23.92, 62931, 1818, 0, 0
4700, 0, 708, 843, 650, 85, 5.90%, 0, 0, 5, 23.92, 63051, 1818, 0, 0
4705, 0, 708, 843, 650, 85, 5.90%, 0, 0, 5, 23.41, 63169, 1818, 0, 0
4710, 0, 708, 844, 651, 85, 5.90%, 0, 0, 5, 23.52, 63290, 1819, 0, 0
4715, 0, 708, 844, 651, 85, 5.90%, 0, 0, 5, 23.41, 63407, 1819, 0, 0
4720, 0, 708, 844, 651, 85, 5.90%, 0, 0, 5, 23.45, 63528, 1819, 0, 0
4725, 0, 708, 844, 651, 85, 5.90%, 0, 0, 5, 24.06, 63649, 1819, 0, 0
4730, 0, 708, 844, 651, 85, 5.90%, 0, 0, 5, 23.70, 63767, 1819, 0, 0
4735, 0, 708, 844, 651, 85, 5.90%, 0, 0, 5, 23.27, 63885, 1819, 0, 0
4740, 0, 708, 844, 651, 85, 5.90%, 0, 0, 5, 23.55, 64009, 1819, 0, 0
4745, 0, 708, 844, 651, 85, 5.90%, 0, 0, 5, 23.79, 64131, 1819, 0, 0
4751, 0, 708, 844, 651, 85, 5.90%, 0, 0, 5, 23.93, 64255, 1819, 0, 0
4756, 0, 708, 844, 651, 85, 5.90%, 0, 0, 5, 24.33, 64377, 1819, 0, 0
4761, 0, 708, 845, 652, 85, 5.90%, 0, 0, 5, 23.82, 64498, 1819, 0, 0
4766, 0, 708, 845, 652, 85, 5.90%, 0, 0, 5, 23.29, 64616, 1819, 0, 0
4771, 0, 708, 845, 652, 85, 5.90%, 0, 0, 5, 23.56, 64739, 1819, 0, 0
4776, 0, 708, 845, 652, 85, 5.90%, 0, 0, 5, 23.98, 64861, 1819, 0, 0
4781, 0, 708, 846, 653, 85, 5.91%, 0, 0, 5, 24.10, 64984, 1820, 0, 0
4786, 0, 708, 846, 653, 85, 5.91%, 0, 0, 5, 23.84, 65104, 1820, 0, 0
4791, 0, 708, 847, 654, 85, 5.91%, 0, 0, 5, 23.67, 65225, 1820, 0, 0
4796, 0, 708, 847, 654, 85, 5.91%, 0, 0, 5, 23.63, 65344, 1820, 0, 0
4802, 0, 708, 847, 654, 85, 5.91%, 0, 0, 5, 23.83, 65469, 1820, 0, 0
4807, 0, 708, 847, 654, 85, 5.91%, 0, 0, 5, 24.11, 65592, 1820, 0, 0
4812, 0, 708, 847, 654, 85, 5.91%, 0, 0, 5, 24.39, 65719, 1820, 0, 0
4817, 0, 708, 848, 655, 85, 5.91%, 0, 0, 5, 22.65, 65832, 1820, 0, 0
4822, 0, 708, 848, 655, 85, 5.91%, 0, 0, 5, 22.98, 65947, 1820, 0, 0
4827, 0, 708, 848, 655, 85, 5.91%, 0, 0, 5, 24.19, 66071, 1820, 0, 0
4833, 0, 708, 848, 655, 85, 5.91%, 0, 0, 5, 24.13, 66195, 1820, 0, 0
4838, 0, 708, 848, 655, 85, 5.91%, 0, 0, 5, 23.78, 66315, 1820, 0, 0
4843, 0, 708, 849, 656, 85, 5.91%, 0, 0, 5, 24.06, 66436, 1820, 0, 0
4848, 0, 708, 849, 656, 85, 5.91%, 0, 0, 5, 23.78, 66560, 1820, 0, 0
4853, 0, 708, 849, 656, 85, 5.91%, 0, 0, 5, 23.51, 66679, 1820, 0, 0
4858, 0, 708, 849, 656, 85, 5.91%, 0, 0, 5, 23.56, 66797, 1820, 0, 0
4863, 0, 708, 849, 656, 85, 5.91%, 0, 0, 5, 23.61, 66918, 1820, 0, 0
4868, 0, 708, 849, 656, 85, 5.91%, 0, 0, 5, 24.16, 67040, 1820, 0, 0
4873, 0, 708, 849, 656, 85, 5.91%, 0, 0, 5, 24.52, 67166, 1820, 0, 0
4876, 0, 709, 849, 656, 85, 5.91%, 0, 0, 5, 23.25, 67239, 1820, 0, 0
4876, 0, 709, 849, 656, 85, 5.91%, 0, 0, 5, 0.00, 67239, 1820, 0, 0
4876, 0, 709, 849, 656, 85, 5.91%, 0, 0, 5, 0.00, 67239, 1820, 0, 0
4876, 0, 709, 849, 656, 85, 5.91%, 0, 0, 5, 0.00, 67239, 1820, 0, 0
