# relative_time, cycles_done, cur_item, corpus_count, pending_total, pending_favs, map_size, saved_crashes, saved_hangs, max_depth, execs_per_sec, total_execs, edges_found, total_crashes, servers_count
14, 0, 3, 96, 84, 9, 14.82%, 0, 0, 2, 1009.03, 14887, 567, 0, 0
75, 38, 35, 107, 0, 0, 15.40%, 0, 0, 5, 1029.41, 77423, 589, 0, 0
80, 40, 69, 107, 0, 0, 15.40%, 0, 0, 5, 1043.40, 82692, 589, 0, 0
85, 42, 8, 107, 0, 0, 15.40%, 0, 0, 5, 991.88, 87538, 589, 0, 0
90, 44, 106, 107, 0, 0, 15.40%, 0, 0, 5, 1030.31, 92833, 589, 0, 0
95, 48, 100, 107, 0, 0, 15.40%, 0, 0, 5, 1055.88, 98131, 589, 0, 0
100, 51, 7, 107, 0, 0, 15.40%, 0, 0, 5, 796.80, 101813, 589, 0, 0
105, 54, 31, 107, 0, 0, 15.40%, 0, 0, 5, 1002.80, 107292, 589, 0, 0
110, 57, 105, 107, 0, 0, 15.40%, 0, 0, 5, 1053.56, 112810, 589, 0, 0
115, 61, 54, 107, 0, 0, 15.40%, 0, 0, 5, 995.19, 117801, 589, 0, 0
121, 64, 106, 107, 0, 0, 15.40%, 0, 0, 5, 1011.41, 122943, 589, 0, 0
126, 68, 101, 107, 0, 0, 15.40%, 0, 0, 5, 1024.34, 128109, 589, 0, 0
131, 72, 88, 107, 0, 0, 15.40%, 0, 0, 5, 1033.92, 133343, 589, 0, 0
136, 75, 104, 107, 0, 0, 15.40%, 0, 0, 5, 1013.80, 138304, 589, 0, 0
141, 78, 105, 107, 0, 0, 15.40%, 0, 0, 5, 923.48, 142996, 589, 0, 0
146, 82, 96, 107, 0, 0, 15.40%, 0, 0, 5, 914.96, 147262, 589, 0, 0
151, 85, 106, 107, 0, 0, 15.40%, 0, 0, 5, 966.57, 152133, 589, 0, 0
156, 88, 105, 107, 0, 0, 15.40%, 0, 0, 5, 535.98, 155845, 589, 0, 0
161, 90, 105, 107, 0, 0, 15.40%, 0, 0, 5, 600.79, 158760, 589, 0, 0
166, 94, 101, 107, 0, 0, 15.40%, 0, 0, 5, 940.77, 164019, 589, 0, 0
171, 98, 102, 107, 0, 0, 15.40%, 0, 0, 5, 1020.61, 169280, 589, 0, 0
176, 102, 53, 107, 0, 0, 15.40%, 0, 0, 5, 1026.10, 174515, 589, 0, 0
181, 105, 106, 107, 0, 0, 15.40%, 0, 0, 5, 1030.97, 179705, 589, 0, 0
186, 109, 105, 107, 0, 0, 15.40%, 0, 0, 5, 1029.84, 184905, 589, 0, 0
191, 112, 106, 107, 0, 0, 15.40%, 0, 0, 5, 1032.11, 190160, 589, 0, 0
197, 116, 104, 107, 0, 0, 15.40%, 0, 0, 5, 1024.23, 195335, 589, 0, 0
202, 120, 99, 107, 0, 0, 15.40%, 0, 0, 5, 993.76, 200315, 589, 0, 0
207, 123, 106, 107, 0, 0, 15.40%, 0, 0, 5, 1012.78, 205480, 589, 0, 0
212, 127, 104, 107, 0, 0, 15.40%, 0, 0, 5, 1025.19, 210660, 589, 0, 0
217, 131, 68, 107, 0, 0, 15.40%, 0, 0, 5, 916.67, 215485, 589, 0, 0
222, 134, 100, 107, 0, 0, 15.40%, 0, 0, 5, 969.11, 220152, 589, 0, 0
227, 138, 99, 107, 0, 0, 15.40%, 0, 0, 5, 1025.80, 225390, 589, 0, 0
232, 142, 101, 107, 0, 0, 15.40%, 0, 0, 5, 1057.23, 230929, 589, 0, 0
237, 146, 94, 107, 0, 0, 15.40%, 0, 0, 5, 1046.56, 236219, 589, 0, 0
242, 149, 105, 107, 0, 0, 15.40%, 0, 0, 5, 946.83, 241110, 589, 0, 0
247, 153, 105, 107, 0, 0, 15.40%, 0, 0, 5, 1020.17, 246335, 589, 0, 0
253, 157, 82, 107, 0, 0, 15.40%, 0, 0, 5, 976.21, 251290, 589, 0, 0
258, 160, 105, 107, 0, 0, 15.40%, 0, 0, 5, 976.69, 256285, 589, 0, 0
263, 164, 104, 107, 0, 0, 15.40%, 0, 0, 5, 970.93, 260890, 589, 0, 0
268, 167, 105, 107, 0, 0, 15.40%, 0, 0, 5, 851.77, 265316, 589, 0, 0
273, 170, 104, 107, 0, 0, 15.40%, 0, 0, 5, 873.15, 269540, 589, 0, 0
278, 174, 26, 107, 0, 0, 15.40%, 0, 0, 5, 792.22, 273876, 589, 0, 0
283, 177, 105, 107, 0, 0, 15.40%, 0, 0, 5, 920.04, 278550, 589, 0, 0
288, 181, 100, 107, 0, 0, 15.40%, 0, 0, 5, 991.90, 283797, 589, 0, 0
293, 184, 106, 107, 0, 0, 15.40%, 0, 0, 5, 988.77, 288709, 589, 0, 0
298, 188, 106, 107, 0, 0, 15.40%, 0, 0, 5, 1005.05, 293986, 589, 0, 0
303, 192, 79, 107, 0, 0, 15.40%, 0, 0, 5, 1006.53, 299026, 589, 0, 0
309, 195, 104, 107, 0, 0, 15.40%, 0, 0, 5, 1026.13, 304245, 589, 0, 0
314, 199, 45, 107, 0, 0, 15.40%, 0, 0, 5, 1019.85, 309406, 589, 0, 0
319, 202, 101, 107, 0, 0, 15.40%, 0, 0, 5, 1012.67, 314031, 589, 0, 0
324, 206, 104, 107, 0, 0, 15.40%, 0, 0, 5, 1021.97, 319226, 589, 0, 0
329, 210, 73, 107, 0, 0, 15.40%, 0, 0, 5, 1009.71, 324270, 589, 0, 0
334, 214, 100, 107, 0, 0, 15.40%, 0, 0, 5, 1030.03, 329506, 589, 0, 0
339, 217, 102, 107, 0, 0, 15.40%, 0, 0, 5, 838.36, 333669, 589, 0, 0
344, 221, 101, 107, 0, 0, 15.40%, 0, 0, 5, 985.43, 339009, 589, 0, 0
349, 224, 105, 107, 0, 0, 15.40%, 0, 0, 5, 1026.67, 344231, 589, 0, 0
354, 228, 102, 107, 0, 0, 15.40%, 0, 0, 5, 1041.95, 349491, 589, 0, 0
359, 232, 83, 107, 0, 0, 15.40%, 0, 0, 5, 1028.37, 354671, 589, 0, 0
364, 235, 101, 107, 0, 0, 15.40%, 0, 0, 5, 1005.56, 359581, 589, 0, 0
369, 239, 84, 107, 0, 0, 15.40%, 0, 0, 5, 1028.72, 364816, 589, 0, 0
374, 242, 68, 107, 0, 0, 15.40%, 0, 0, 5, 993.90, 369753, 589, 0, 0
380, 246, 40, 107, 0, 0, 15.40%, 0, 0, 5, 977.86, 374595, 589, 0, 0
385, 249, 106, 107, 0, 0, 15.40%, 0, 0, 5, 1031.31, 379881, 589, 0, 0
390, 254, 35, 107, 0, 0, 15.40%, 0, 0, 5, 1027.18, 385241, 589, 0, 0
395, 257, 106, 107, 0, 0, 15.40%, 0, 0, 5, 1046.01, 390520, 589, 0, 0
400, 260, 106, 107, 0, 0, 15.40%, 0, 0, 5, 775.14, 394166, 589, 0, 0
405, 264, 104, 107, 0, 0, 15.40%, 0, 0, 5, 996.58, 399640, 589, 0, 0
410, 267, 104, 107, 0, 0, 15.40%, 0, 0, 5, 1037.32, 404906, 589, 0, 0
415, 271, 105, 107, 0, 0, 15.40%, 0, 0, 5, 1057.13, 410409, 589, 0, 0
420, 275, 81, 107, 0, 0, 15.40%, 0, 0, 5, 953.34, 415209, 589, 0, 0
425, 278, 104, 107, 0, 0, 15.40%, 0, 0, 5, 999.43, 420311, 589, 0, 0
430, 282, 71, 107, 0, 0, 15.40%, 0, 0, 5, 1003.49, 425236, 589, 0, 0
436, 285, 105, 107, 0, 0, 15.40%, 0, 0, 5, 1024.84, 430436, 589, 0, 0
441, 289, 52, 107, 0, 0, 15.40%, 0, 0, 5, 998.00, 435278, 589, 0, 0
446, 292, 104, 107, 0, 0, 15.40%, 0, 0, 5, 988.80, 440147, 589, 0, 0
451, 296, 102, 107, 0, 0, 15.40%, 0, 0, 5, 1010.42, 445286, 589, 0, 0
456, 299, 106, 107, 0, 0, 15.40%, 0, 0, 5, 964.49, 450217, 589, 0, 0
461, 302, 101, 107, 0, 0, 15.40%, 0, 0, 5, 907.12, 454289, 589, 0, 0
466, 305, 106, 107, 0, 0, 15.40%, 0, 0, 5, 988.65, 459404, 589, 0, 0
471, 308, 106, 107, 0, 0, 15.40%, 0, 0, 5, 880.51, 463681, 589, 0, 0
476, 312, 106, 107, 0, 0, 15.40%, 0, 0, 5, 1003.71, 469082, 589, 0, 0
481, 316, 104, 107, 0, 0, 15.40%, 0, 0, 5, 939.57, 473633, 589, 0, 0
486, 320, 104, 107, 0, 0, 15.40%, 0, 0, 5, 1010.07, 478837, 589, 0, 0
491, 324, 44, 107, 0, 0, 15.40%, 0, 0, 5, 1004.88, 483771, 589, 0, 0
496, 327, 102, 107, 0, 0, 15.40%, 0, 0, 5, 945.23, 488490, 589, 0, 0
501, 331, 46, 107, 0, 0, 15.40%, 0, 0, 5, 991.64, 493466, 589, 0, 0
506, 334, 105, 107, 0, 0, 15.40%, 0, 0, 5, 1049.60, 498977, 589, 0, 0
512, 337, 106, 107, 0, 0, 15.40%, 0, 0, 5, 934.23, 503595, 589, 0, 0
517, 341, 105, 107, 0, 0, 15.40%, 0, 0, 5, 973.71, 508610, 589, 0, 0
522, 345, 64, 107, 0, 0, 15.40%, 0, 0, 5, 960.32, 513123, 589, 0, 0
527, 349, 57, 107, 0, 0, 15.40%, 0, 0, 5, 979.47, 518016, 589, 0, 0
532, 352, 104, 107, 0, 0, 15.40%, 0, 0, 5, 1027.60, 523257, 589, 0, 0
537, 356, 92, 107, 0, 0, 15.40%, 0, 0, 5, 998.82, 528171, 589, 0, 0
542, 360, 99, 107, 0, 0, 15.40%, 0, 0, 5, 1016.76, 533312, 589, 0, 0
547, 364, 80, 107, 0, 0, 15.40%, 0, 0, 5, 1036.04, 538592, 589, 0, 0
552, 367, 106, 107, 0, 0, 15.40%, 0, 0, 5, 954.85, 543517, 589, 0, 0
557, 371, 30, 107, 0, 0, 15.40%, 0, 0, 5, 937.87, 548096, 589, 0, 0
562, 375, 23, 107, 0, 0, 15.40%, 0, 0, 5, 1056.65, 553668, 589, 0, 0
567, 378, 105, 107, 0, 0, 15.40%, 0, 0, 5, 1099.11, 559431, 589, 0, 0
572, 382, 106, 107, 0, 0, 15.40%, 0, 0, 5, 1140.31, 565176, 589, 0, 0
577, 386, 104, 107, 0, 0, 15.40%, 0, 0, 5, 134.73, 569778, 589, 0, 0
583, 389, 102, 107, 0, 0, 15.40%, 0, 0, 5, 857.38, 574011, 589, 0, 0
588, 393, 9, 107, 0, 0, 15.40%, 0, 0, 5, 879.99, 578357, 589, 0, 0
593, 396, 106, 107, 0, 0, 15.40%, 0, 0, 5, 1012.61, 583778, 589, 0, 0
598, 400, 52, 107, 0, 0, 15.40%, 0, 0, 5, 1045.43, 589097, 589, 0, 0
603, 403, 104, 107, 0, 0, 15.40%, 0, 0, 5, 999.63, 594192, 589, 0, 0
608, 407, 57, 107, 0, 0, 15.40%, 0, 0, 5, 1070.84, 599632, 589, 0, 0
613, 411, 59, 107, 0, 0, 15.40%, 0, 0, 5, 1063.91, 605086, 589, 0, 0
618, 414, 101, 107, 0, 0, 15.40%, 0, 0, 5, 970.76, 609624, 589, 0, 0
623, 418, 33, 107, 0, 0, 15.40%, 0, 0, 5, 1004.90, 614797, 589, 0, 0
628, 421, 50, 107, 0, 0, 15.40%, 0, 0, 5, 943.46, 619620, 589, 0, 0
633, 425, 7, 107, 0, 0, 15.40%, 0, 0, 5, 998.31, 624655, 589, 0, 0
638, 428, 66, 107, 0, 0, 15.40%, 0, 0, 5, 826.29, 629132, 589, 0, 0
643, 431, 104, 107, 0, 0, 15.40%, 0, 0, 5, 937.78, 633699, 589, 0, 0
648, 435, 101, 107, 0, 0, 15.40%, 0, 0, 5, 1013.39, 638893, 589, 0, 0
653, 438, 106, 107, 0, 0, 15.40%, 0, 0, 5, 976.15, 643792, 589, 0, 0
658, 442, 103, 107, 0, 0, 15.40%, 0, 0, 5, 1021.33, 648972, 589, 0, 0
663, 446, 48, 107, 0, 0, 15.40%, 0, 0, 5, 1041.62, 654233, 589, 0, 0
668, 448, 106, 107, 0, 0, 15.40%, 0, 0, 5, 966.15, 658830, 589, 0, 0
673, 452, 105, 107, 0, 0, 15.40%, 0, 0, 5, 916.36, 663563, 589, 0, 0
679, 456, 100, 107, 0, 0, 15.40%, 0, 0, 5, 973.87, 668549, 589, 0, 0
684, 459, 100, 107, 0, 0, 15.40%, 0, 0, 5, 934.70, 673363, 589, 0, 0
689, 463, 78, 107, 0, 0, 15.40%, 0, 0, 5, 989.37, 678417, 589, 0, 0
694, 467, 37, 107, 0, 0, 15.40%, 0, 0, 5, 953.87, 683424, 589, 0, 0
699, 469, 104, 107, 0, 0, 15.40%, 0, 0, 5, 771.52, 687443, 589, 0, 0
704, 473, 53, 107, 0, 0, 15.40%, 0, 0, 5, 948.41, 692591, 589, 0, 0
709, 476, 42, 107, 0, 0, 15.40%, 0, 0, 5, 915.58, 697127, 589, 0, 0
714, 479, 105, 107, 0, 0, 15.40%, 0, 0, 5, 989.03, 702161, 589, 0, 0
719, 483, 44, 107, 0, 0, 15.40%, 0, 0, 5, 919.58, 707013, 589, 0, 0
725, 486, 104, 107, 0, 0, 15.40%, 0, 0, 5, 933.78, 711791, 589, 0, 0
730, 490, 102, 107, 0, 0, 15.40%, 0, 0, 5, 954.96, 716856, 589, 0, 0
735, 493, 99, 107, 0, 0, 15.40%, 0, 0, 5, 841.63, 720688, 589, 0, 0
740, 496, 106, 107, 0, 0, 15.40%, 0, 0, 5, 951.93, 725776, 589, 0, 0
745, 500, 99, 107, 0, 0, 15.40%, 0, 0, 5, 985.73, 730925, 589, 0, 0
750, 504, 33, 107, 0, 0, 15.40%, 0, 0, 5, 1005.59, 736024, 589, 0, 0
755, 508, 6, 107, 0, 0, 15.40%, 0, 0, 5, 1010.65, 741198, 589, 0, 0
761, 510, 105, 107, 0, 0, 15.40%, 0, 0, 5, 875.97, 745277, 589, 0, 0
766, 514, 101, 107, 0, 0, 15.40%, 0, 0, 5, 976.68, 750487, 589, 0, 0
771, 517, 100, 107, 0, 0, 15.40%, 0, 0, 5, 987.00, 755644, 589, 0, 0
776, 521, 100, 107, 0, 0, 15.40%, 0, 0, 5, 1017.08, 760804, 589, 0, 0
781, 525, 100, 107, 0, 0, 15.40%, 0, 0, 5, 1027.50, 766019, 589, 0, 0
786, 528, 106, 107, 0, 0, 15.40%, 0, 0, 5, 983.37, 770969, 589, 0, 0
791, 532, 100, 107, 0, 0, 15.40%, 0, 0, 5, 835.74, 775416, 589, 0, 0
796, 535, 100, 107, 0, 0, 15.40%, 0, 0, 5, 864.22, 779975, 589, 0, 0
801, 538, 104, 107, 0, 0, 15.40%, 0, 0, 5, 849.63, 784366, 589, 0, 0
806, 542, 48, 107, 0, 0, 15.40%, 0, 0, 5, 816.73, 788750, 589, 0, 0
812, 544, 106, 107, 0, 0, 15.40%, 0, 0, 5, 835.87, 792752, 589, 0, 0
817, 548, 104, 107, 0, 0, 15.40%, 0, 0, 5, 954.17, 797681, 589, 0, 0
822, 551, 37, 107, 0, 0, 15.40%, 0, 0, 5, 817.43, 801245, 589, 0, 0
827, 554, 100, 107, 0, 0, 15.40%, 0, 0, 5, 963.93, 806412, 589, 0, 0
832, 558, 99, 107, 0, 0, 15.40%, 0, 0, 5, 1014.96, 811569, 589, 0, 0
837, 562, 65, 107, 0, 0, 15.40%, 0, 0, 5, 1025.37, 816764, 589, 0, 0
842, 565, 103, 107, 0, 0, 15.40%, 0, 0, 5, 1021.76, 821979, 589, 0, 0
847, 568, 106, 107, 0, 0, 15.40%, 0, 0, 5, 959.25, 826800, 589, 0, 0
852, 571, 106, 107, 0, 0, 15.40%, 0, 0, 5, 924.41, 831438, 589, 0, 0
857, 575, 105, 107, 0, 0, 15.40%, 0, 0, 5, 993.38, 836457, 589, 0, 0
862, 579, 104, 107, 0, 0, 15.40%, 0, 0, 5, 989.22, 841393, 589, 0, 0
867, 583, 106, 107, 0, 0, 15.40%, 0, 0, 5, 1003.81, 846474, 589, 0, 0
872, 587, 102, 107, 0, 0, 15.40%, 0, 0, 5, 1028.01, 851659, 589, 0, 0
878, 590, 105, 107, 0, 0, 15.40%, 0, 0, 5, 902.04, 856498, 589, 0, 0
883, 594, 9, 107, 0, 0, 15.40%, 0, 0, 5, 884.85, 860468, 589, 0, 0
888, 598, 43, 107, 0, 0, 15.40%, 0, 0, 5, 1003.32, 865645, 589, 0, 0
893, 601, 104, 107, 0, 0, 15.40%, 0, 0, 5, 1027.29, 870840, 589, 0, 0
898, 605, 100, 107, 0, 0, 15.40%, 0, 0, 5, 1009.28, 875940, 589, 0, 0
903, 609, 99, 107, 0, 0, 15.40%, 0, 0, 5, 999.18, 880932, 589, 0, 0
908, 613, 99, 107, 0, 0, 15.40%, 0, 0, 5, 955.22, 885882, 589, 0, 0
913, 615, 104, 107, 0, 0, 15.40%, 0, 0, 5, 741.91, 889276, 589, 0, 0
918, 619, 99, 107, 0, 0, 15.40%, 0, 0, 5, 939.08, 894415, 589, 0, 0
923, 623, 29, 107, 0, 0, 15.40%, 0, 0, 5, 978.80, 899482, 589, 0, 0
928, 625, 106, 107, 0, 0, 15.40%, 0, 0, 5, 959.80, 904324, 589, 0, 0
934, 629, 106, 107, 0, 0, 15.40%, 0, 0, 5, 992.47, 909496, 589, 0, 0
939, 632, 100, 107, 0, 0, 15.40%, 0, 0, 5, 787.65, 913424, 589, 0, 0
944, 635, 106, 107, 0, 0, 15.40%, 0, 0, 5, 946.77, 918408, 589, 0, 0
949, 639, 102, 107, 0, 0, 15.40%, 0, 0, 5, 1005.90, 923474, 589, 0, 0
954, 643, 84, 107, 0, 0, 15.40%, 0, 0, 5, 1021.07, 928440, 589, 0, 0
959, 647, 94, 107, 0, 0, 15.40%, 0, 0, 5, 1039.81, 933760, 589, 0, 0
964, 649, 106, 107, 0, 0, 15.40%, 0, 0, 5, 782.75, 937420, 589, 0, 0
969, 653, 105, 107, 0, 0, 15.40%, 0, 0, 5, 884.87, 942209, 589, 0, 0
974, 657, 104, 107, 0, 0, 15.40%, 0, 0, 5, 938.76, 947018, 589, 0, 0
979, 661, 81, 107, 0, 0, 15.40%, 0, 0, 5, 988.82, 952163, 589, 0, 0
985, 664, 102, 107, 0, 0, 15.40%, 0, 0, 5, 943.65, 956868, 589, 0, 0
990, 668, 92, 107, 0, 0, 15.40%, 0, 0, 5, 978.23, 961988, 589, 0, 0
995, 672, 78, 107, 0, 0, 15.40%, 0, 0, 5, 991.09, 967101, 589, 0, 0
1000, 674, 106, 107, 0, 0, 15.40%, 0, 0, 5, 832.78, 971189, 589, 0, 0
1005, 678, 106, 107, 0, 0, 15.40%, 0, 0, 5, 992.79, 976399, 589, 0, 0
1010, 682, 65, 107, 0, 0, 15.40%, 0, 0, 5, 1031.20, 981660, 589, 0, 0
1015, 685, 106, 107, 0, 0, 15.40%, 0, 0, 5, 1043.03, 987115, 589, 0, 0
1020, 690, 0, 107, 0, 0, 15.40%, 0, 0, 5, 1041.37, 992349, 589, 0, 0
1025, 693, 100, 107, 0, 0, 15.40%, 0, 0, 5, 1034.66, 997585, 589, 0, 0
1030, 696, 104, 107, 0, 0, 15.40%, 0, 0, 5, 716.33, 1002195, 589, 0, 0
1036, 700, 99, 107, 0, 0, 15.40%, 0, 0, 5, 950.27, 1007423, 589, 0, 0
1041, 703, 102, 107, 0, 0, 15.40%, 0, 0, 5, 950.52, 1012130, 589, 0, 0
1046, 706, 105, 107, 0, 0, 15.40%, 0, 0, 5, 985.84, 1017241, 589, 0, 0
1051, 710, 104, 107, 0, 0, 15.40%, 0, 0, 5, 998.28, 1022465, 589, 0, 0
1056, 714, 101, 107, 0, 0, 15.40%, 0, 0, 5, 999.91, 1027550, 589, 0, 0
1061, 716, 106, 107, 0, 0, 15.40%, 0, 0, 5, 746.28, 1030990, 589, 0, 0
1066, 720, 98, 107, 0, 0, 15.40%, 0, 0, 5, 946.47, 1036155, 589, 0, 0
1071, 723, 105, 107, 0, 0, 15.40%, 0, 0, 5, 987.38, 1041153, 589, 0, 0
1076, 727, 102, 107, 0, 0, 15.40%, 0, 0, 5, 1007.67, 1046236, 589, 0, 0
1081, 727, 107, 116, 9, 1, 18.51%, 0, 0, 7, 1002.62, 1051275, 708, 0, 0
1086, 727, 107, 116, 9, 1, 18.51%, 0, 0, 7, 858.10, 1055597, 708, 0, 0
1092, 727, 108, 118, 10, 4, 18.51%, 0, 0, 8, 954.96, 1060690, 708, 0, 0
1097, 727, 117, 119, 7, 1, 18.51%, 0, 0, 9, 954.75, 1065417, 708, 0, 0
1102, 728, 111, 119, 4, 0, 18.51%, 0, 0, 9, 998.46, 1070486, 708, 0, 0
1107, 729, 105, 119, 3, 0, 18.51%, 0, 0, 9, 1004.40, 1075546, 708, 0, 0
1112, 729, 118, 119, 2, 0, 18.51%, 0, 0, 9, 999.84, 1080730, 708, 0, 0
1117, 730, 118, 119, 2, 0, 18.51%, 0, 0, 9, 990.84, 1085734, 708, 0, 0
1122, 731, 114, 119, 2, 0, 18.51%, 0, 0, 9, 838.32, 1089200, 708, 0, 0
1127, 732, 113, 119, 2, 0, 18.51%, 0, 0, 9, 977.51, 1094487, 708, 0, 0
1132, 733, 105, 119, 2, 0, 18.51%, 0, 0, 9, 1029.69, 1099704, 708, 0, 0
1137, 734, 104, 119, 2, 0, 18.51%, 0, 0, 9, 1049.02, 1105009, 708, 0, 0
1142, 735, 101, 119, 2, 0, 18.51%, 0, 0, 9, 1044.64, 1110248, 708, 0, 0
1148, 735, 118, 119, 2, 0, 18.51%, 0, 0, 9, 941.44, 1115028, 708, 0, 0
1153, 736, 115, 119, 1, 0, 18.51%, 0, 0, 9, 949.32, 1119964, 708, 0, 0
1158, 737, 114, 119, 1, 0, 18.51%, 0, 0, 9, 944.19, 1124763, 708, 0, 0
1163, 738, 111, 119, 1, 0, 18.51%, 0, 0, 9, 987.25, 1129733, 708, 0, 0
1168, 739, 101, 119, 1, 0, 18.51%, 0, 0, 9, 1000.00, 1134739, 708, 0, 0
1173, 739, 115, 119, 0, 0, 18.51%, 0, 0, 9, 980.49, 1139781, 708, 0, 0
1178, 740, 111, 119, 0, 0, 18.51%, 0, 0, 9, 872.87, 1144376, 708, 0, 0
1183, 741, 106, 119, 0, 0, 18.51%, 0, 0, 9, 941.45, 1148831, 708, 0, 0
1188, 742, 93, 119, 0, 0, 18.51%, 0, 0, 9, 820.17, 1153215, 708, 0, 0
1193, 742, 115, 119, 0, 0, 18.51%, 0, 0, 9, 882.43, 1157723, 708, 0, 0
1198, 743, 111, 119, 0, 0, 18.51%, 0, 0, 9, 822.07, 1161780, 708, 0, 0
1204, 744, 111, 119, 0, 0, 18.51%, 0, 0, 9, 943.02, 1166824, 708, 0, 0
1209, 745, 89, 119, 0, 0, 18.51%, 0, 0, 9, 953.64, 1171536, 708, 0, 0
1214, 745, 118, 119, 0, 0, 18.51%, 0, 0, 9, 929.59, 1176265, 708, 0, 0
1219, 746, 114, 119, 0, 0, 18.51%, 0, 0, 9, 983.26, 1181318, 708, 0, 0
1224, 747, 111, 119, 0, 0, 18.51%, 0, 0, 9, 1015.66, 1186443, 708, 0, 0
1229, 748, 104, 119, 0, 0, 18.51%, 0, 0, 9, 964.65, 1191306, 708, 0, 0
1234, 749, 100, 119, 0, 0, 18.51%, 0, 0, 9, 1007.93, 1196403, 708, 0, 0
1239, 749, 118, 119, 0, 0, 18.51%, 0, 0, 9, 806.20, 1200610, 708, 0, 0
1244, 750, 118, 119, 0, 0, 18.51%, 0, 0, 9, 931.59, 1205458, 708, 0, 0
1249, 751, 114, 119, 0, 0, 18.51%, 0, 0, 9, 971.94, 1210370, 708, 0, 0
1254, 752, 114, 119, 0, 0, 18.51%, 0, 0, 9, 997.65, 1215420, 708, 0, 0
1259, 753, 114, 119, 0, 0, 18.51%, 0, 0, 9, 1000.32, 1220633, 708, 0, 0
1265, 754, 111, 119, 0, 0, 18.51%, 0, 0, 9, 914.07, 1225264, 708, 0, 0
1270, 755, 106, 119, 0, 0, 18.51%, 0, 0, 9, 995.11, 1230432, 708, 0, 0
1275, 756, 105, 119, 0, 0, 18.51%, 0, 0, 9, 1037.96, 1235643, 708, 0, 0
1280, 756, 118, 119, 0, 0, 18.51%, 0, 0, 9, 968.31, 1240322, 708, 0, 0
1285, 757, 117, 119, 0, 0, 18.51%, 0, 0, 9, 988.76, 1245372, 708, 0, 0
1290, 758, 112, 119, 0, 0, 18.51%, 0, 0, 9, 994.89, 1250398, 708, 0, 0
