# relative_time, cycles_done, cur_item, corpus_count, pending_total, pending_favs, map_size, saved_crashes, saved_hangs, max_depth, execs_per_sec, total_execs, edges_found, total_crashes, servers_count
62, 0, 8, 162, 156, 41, 2.78%, 0, 0, 2, 5.09, 2111, 857, 0, 0
68, 0, 8, 164, 158, 41, 2.80%, 0, 0, 2, 5.09, 2139, 864, 0, 0
74, 0, 8, 166, 160, 41, 2.81%, 0, 0, 2, 5.02, 2171, 867, 0, 0
79, 0, 8, 168, 162, 41, 2.82%, 0, 0, 2, 5.08, 2200, 870, 0, 0
85, 0, 8, 170, 164, 41, 2.83%, 0, 0, 2, 5.11, 2227, 873, 0, 0
90, 0, 8, 172, 166, 41, 2.85%, 0, 0, 2, 5.14, 2255, 879, 0, 0
95, 0, 8, 173, 167, 41, 2.86%, 0, 0, 2, 5.09, 2281, 882, 0, 0
100, 0, 8, 173, 167, 41, 2.86%, 0, 0, 2, 5.42, 2311, 882, 0, 0
105, 0, 8, 174, 168, 41, 2.87%, 0, 0, 2, 5.40, 2338, 884, 0, 0
111, 0, 8, 174, 168, 41, 2.87%, 0, 0, 2, 5.40, 2367, 884, 0, 0
116, 0, 8, 176, 170, 41, 2.91%, 0, 0, 2, 5.39, 2394, 897, 0, 0
123, 0, 8, 178, 172, 41, 2.92%, 0, 0, 2, 5.23, 2432, 899, 0, 0
130, 0, 8, 180, 174, 41, 2.92%, 0, 0, 2, 5.19, 2467, 901, 0, 0
135, 0, 8, 182, 176, 41, 2.96%, 0, 0, 2, 5.22, 2498, 912, 0, 0
141, 0, 8, 184, 178, 41, 2.97%, 0, 0, 2, 5.27, 2528, 914, 0, 0
147, 0, 8, 186, 180, 41, 2.98%, 0, 0, 2, 5.25, 2558, 917, 0, 0
152, 0, 8, 186, 180, 41, 2.98%, 0, 0, 2, 5.05, 2583, 917, 0, 0
158, 0, 8, 188, 182, 41, 2.99%, 0, 0, 2, 5.02, 2611, 921, 0, 0
164, 0, 8, 190, 184, 41, 3.00%, 0, 0, 2, 5.06, 2642, 923, 0, 0
170, 0, 8, 192, 186, 41, 3.01%, 0, 0, 2, 5.08, 2673, 927, 0, 0
175, 0, 8, 193, 187, 41, 3.01%, 0, 0, 2, 5.26, 2701, 928, 0, 0
180, 0, 8, 193, 187, 41, 3.01%, 0, 0, 2, 5.46, 2729, 928, 0, 0
185, 0, 8, 193, 187, 41, 3.01%, 0, 0, 2, 5.56, 2759, 928, 0, 0
190, 0, 8, 194, 188, 41, 3.02%, 0, 0, 2, 5.42, 2784, 930, 0, 0
195, 0, 8, 195, 189, 41, 3.02%, 0, 0, 2, 4.93, 2807, 931, 0, 0
201, 0, 8, 196, 190, 41, 3.03%, 0, 0, 2, 4.67, 2832, 932, 0, 0
208, 0, 8, 198, 192, 41, 3.04%, 0, 0, 2, 4.65, 2865, 938, 0, 0
215, 0, 8, 200, 194, 41, 3.05%, 0, 0, 2, 4.83, 2901, 940, 0, 0
220, 0, 8, 201, 195, 41, 3.06%, 0, 0, 2, 5.02, 2928, 942, 0, 0
226, 0, 8, 203, 197, 41, 3.08%, 0, 0, 2, 5.07, 2957, 949, 0, 0
232, 0, 8, 205, 199, 41, 3.09%, 0, 0, 2, 5.10, 2990, 952, 0, 0
238, 0, 8, 207, 201, 41, 3.17%, 0, 0, 2, 5.12, 3021, 976, 0, 0
244, 0, 8, 209, 203, 41, 3.17%, 0, 0, 2, 5.15, 3049, 978, 0, 0
249, 0, 8, 209, 203, 41, 3.17%, 0, 0, 2, 5.38, 3078, 978, 0, 0
254, 0, 8, 209, 203, 41, 3.17%, 0, 0, 2, 5.55, 3108, 978, 0, 0
259, 0, 8, 209, 203, 41, 3.17%, 0, 0, 2, 5.49, 3136, 978, 0, 0
264, 0, 8, 210, 204, 41, 3.18%, 0, 0, 2, 5.32, 3163, 979, 0, 0
270, 0, 8, 211, 205, 41, 3.18%, 0, 0, 2, 5.31, 3190, 980, 0, 0
276, 0, 8, 213, 207, 41, 3.21%, 0, 0, 2, 5.28, 3225, 988, 0, 0
283, 0, 8, 215, 209, 41, 3.23%, 0, 0, 2, 5.29, 3258, 994, 0, 0
288, 0, 8, 216, 210, 41, 3.24%, 0, 0, 2, 5.32, 3290, 997, 0, 0
294, 0, 8, 217, 211, 41, 3.24%, 0, 0, 2, 5.30, 3317, 998, 0, 0
299, 0, 8, 218, 212, 41, 3.27%, 0, 0, 2, 5.32, 3345, 1006, 0, 0
304, 0, 8, 218, 212, 41, 3.27%, 0, 0, 2, 5.46, 3373, 1006, 0, 0
309, 0, 8, 219, 213, 41, 3.27%, 0, 0, 2, 5.29, 3400, 1007, 0, 0
314, 0, 8, 220, 214, 41, 3.28%, 0, 0, 2, 4.98, 3423, 1010, 0, 0
320, 0, 8, 220, 214, 41, 3.28%, 0, 0, 2, 4.88, 3449, 1010, 0, 0
325, 0, 8, 220, 214, 41, 3.28%, 0, 0, 2, 4.87, 3474, 1010, 0, 0
330, 0, 8, 220, 214, 41, 3.28%, 0, 0, 2, 4.84, 3499, 1010, 0, 0
335, 0, 8, 220, 214, 41, 3.28%, 0, 0, 2, 4.78, 3524, 1010, 0, 0
340, 0, 8, 220, 214, 41, 3.28%, 0, 0, 2, 4.89, 3550, 1010, 0, 0
345, 0, 8, 220, 214, 41, 3.28%, 0, 0, 2, 4.79, 3574, 1010, 0, 0
350, 0, 8, 220, 214, 41, 3.28%, 0, 0, 2, 4.82, 3599, 1010, 0, 0
355, 0, 8, 220, 214, 41, 3.28%, 0, 0, 2, 4.82, 3624, 1010, 0, 0
361, 0, 8, 220, 214, 41, 3.28%, 0, 0, 2, 4.86, 3649, 1010, 0, 0
366, 0, 8, 220, 214, 41, 3.28%, 0, 0, 2, 4.86, 3674, 1010, 0, 0
371, 0, 8, 220, 214, 41, 3.28%, 0, 0, 2, 4.77, 3698, 1010, 0, 0
376, 0, 8, 220, 214, 41, 3.28%, 0, 0, 2, 4.80, 3722, 1010, 0, 0
381, 0, 8, 220, 214, 41, 3.28%, 0, 0, 2, 4.78, 3747, 1010, 0, 0
386, 0, 8, 220, 214, 41, 3.28%, 0, 0, 2, 4.75, 3771, 1010, 0, 0
391, 0, 8, 220, 214, 41, 3.28%, 0, 0, 2, 4.89, 3797, 1010, 0, 0
396, 0, 8, 220, 214, 41, 3.28%, 0, 0, 2, 4.70, 3821, 1010, 0, 0
401, 0, 8, 220, 214, 41, 3.28%, 0, 0, 2, 4.75, 3845, 1010, 0, 0
406, 0, 8, 220, 214, 41, 3.28%, 0, 0, 2, 4.77, 3869, 1010, 0, 0
411, 0, 8, 220, 214, 41, 3.28%, 0, 0, 2, 4.78, 3893, 1010, 0, 0
416, 0, 8, 220, 214, 41, 3.28%, 0, 0, 2, 4.70, 3917, 1010, 0, 0
422, 0, 8, 220, 214, 41, 3.28%, 0, 0, 2, 4.79, 3942, 1010, 0, 0
427, 0, 8, 220, 214, 41, 3.28%, 0, 0, 2, 4.62, 3965, 1010, 0, 0
432, 0, 8, 220, 214, 41, 3.28%, 0, 0, 2, 4.47, 3988, 1010, 0, 0
437, 0, 8, 221, 215, 41, 3.28%, 0, 0, 2, 4.54, 4012, 1011, 0, 0
442, 0, 8, 221, 215, 41, 3.28%, 0, 0, 2, 4.47, 4035, 1011, 0, 0
447, 0, 8, 221, 215, 41, 3.28%, 0, 0, 2, 4.49, 4058, 1011, 0, 0
453, 0, 8, 221, 215, 41, 3.28%, 0, 0, 2, 4.60, 4082, 1011, 0, 0
458, 0, 8, 221, 215, 41, 3.28%, 0, 0, 2, 5.03, 4110, 1011, 0, 0
463, 0, 8, 221, 215, 41, 3.28%, 0, 0, 2, 5.13, 4137, 1011, 0, 0
468, 0, 8, 221, 215, 41, 3.28%, 0, 0, 2, 5.12, 4164, 1011, 0, 0
473, 0, 8, 221, 215, 41, 3.28%, 0, 0, 2, 5.26, 4192, 1011, 0, 0
479, 0, 8, 221, 215, 41, 3.28%, 0, 0, 2, 5.20, 4220, 1011, 0, 0
485, 0, 8, 223, 217, 41, 3.28%, 0, 0, 2, 5.23, 4252, 1012, 0, 0
490, 0, 8, 224, 218, 41, 3.29%, 0, 0, 2, 5.24, 4279, 1013, 0, 0
495, 0, 8, 224, 218, 41, 3.29%, 0, 0, 2, 5.32, 4306, 1013, 0, 0
500, 0, 8, 224, 218, 41, 3.29%, 0, 0, 2, 5.27, 4334, 1013, 0, 0
505, 0, 8, 224, 218, 41, 3.29%, 0, 0, 2, 5.23, 4362, 1013, 0, 0
510, 0, 8, 224, 218, 41, 3.29%, 0, 0, 2, 5.15, 4388, 1013, 0, 0
516, 0, 8, 224, 218, 41, 3.29%, 0, 0, 2, 5.00, 4412, 1013, 0, 0
521, 0, 8, 224, 218, 41, 3.29%, 0, 0, 2, 5.14, 4440, 1013, 0, 0
526, 0, 8, 224, 218, 41, 3.29%, 0, 0, 2, 5.18, 4467, 1013, 0, 0
532, 0, 8, 225, 219, 41, 3.30%, 0, 0, 2, 5.25, 4498, 1017, 0, 0
538, 0, 8, 227, 221, 41, 3.31%, 0, 0, 2, 5.20, 4527, 1021, 0, 0
543, 0, 8, 228, 222, 41, 3.34%, 0, 0, 2, 5.26, 4554, 1030, 0, 0
548, 0, 8, 228, 222, 41, 3.34%, 0, 0, 2, 5.30, 4581, 1030, 0, 0
553, 0, 8, 228, 222, 41, 3.34%, 0, 0, 2, 5.25, 4609, 1030, 0, 0
559, 0, 8, 228, 222, 41, 3.34%, 0, 0, 2, 5.26, 4637, 1030, 0, 0
565, 0, 8, 230, 224, 41, 3.38%, 0, 0, 2, 5.27, 4671, 1040, 0, 0
570, 0, 8, 232, 226, 41, 3.43%, 0, 0, 2, 5.27, 4698, 1058, 0, 0
577, 0, 8, 234, 228, 41, 3.44%, 0, 0, 2, 5.11, 4733, 1060, 0, 0
582, 0, 8, 234, 228, 41, 3.44%, 0, 0, 2, 5.15, 4761, 1060, 0, 0
587, 0, 8, 234, 228, 41, 3.44%, 0, 0, 2, 5.09, 4787, 1060, 0, 0
593, 0, 8, 234, 228, 41, 3.44%, 0, 0, 2, 5.12, 4814, 1060, 0, 0
598, 0, 8, 234, 228, 41, 3.44%, 0, 0, 2, 5.32, 4841, 1060, 0, 0
603, 0, 8, 234, 228, 41, 3.44%, 0, 0, 2, 5.48, 4869, 1060, 0, 0
608, 0, 8, 234, 228, 41, 3.44%, 0, 0, 2, 5.55, 4897, 1060, 0, 0
613, 0, 8, 234, 228, 41, 3.44%, 0, 0, 2, 5.49, 4925, 1060, 0, 0
618, 0, 8, 234, 228, 41, 3.44%, 0, 0, 2, 5.53, 4954, 1060, 0, 0
623, 0, 8, 234, 228, 41, 3.44%, 0, 0, 2, 5.55, 4982, 1060, 0, 0
628, 0, 8, 234, 228, 41, 3.44%, 0, 0, 2, 5.55, 5011, 1060, 0, 0
633, 0, 8, 234, 228, 41, 3.44%, 0, 0, 2, 5.53, 5040, 1060, 0, 0
639, 0, 8, 234, 228, 41, 3.44%, 0, 0, 2, 5.48, 5068, 1060, 0, 0
644, 0, 8, 234, 228, 41, 3.44%, 0, 0, 2, 5.60, 5098, 1060, 0, 0
649, 0, 8, 234, 228, 41, 3.44%, 0, 0, 2, 5.51, 5127, 1060, 0, 0
654, 0, 8, 234, 228, 41, 3.44%, 0, 0, 2, 5.52, 5156, 1060, 0, 0
660, 0, 8, 234, 228, 41, 3.44%, 0, 0, 2, 5.22, 5184, 1060, 0, 0
665, 0, 8, 234, 228, 41, 3.44%, 0, 0, 2, 5.14, 5211, 1060, 0, 0
670, 0, 8, 234, 228, 41, 3.44%, 0, 0, 2, 5.10, 5237, 1060, 0, 0
675, 0, 8, 234, 228, 41, 3.44%, 0, 0, 2, 5.12, 5264, 1060, 0, 0
680, 0, 8, 234, 228, 41, 3.44%, 0, 0, 2, 5.15, 5290, 1060, 0, 0
686, 0, 8, 234, 228, 41, 3.44%, 0, 0, 2, 5.08, 5317, 1060, 0, 0
691, 0, 8, 234, 228, 41, 3.44%, 0, 0, 2, 5.06, 5344, 1060, 0, 0
696, 0, 8, 234, 228, 41, 3.44%, 0, 0, 2, 5.12, 5371, 1060, 0, 0
702, 0, 8, 234, 228, 41, 3.44%, 0, 0, 2, 5.10, 5398, 1060, 0, 0
707, 0, 8, 234, 228, 41, 3.44%, 0, 0, 2, 5.18, 5425, 1060, 0, 0
712, 0, 8, 234, 228, 41, 3.44%, 0, 0, 2, 5.12, 5451, 1060, 0, 0
717, 0, 8, 234, 228, 41, 3.44%, 0, 0, 2, 5.11, 5478, 1060, 0, 0
722, 0, 8, 234, 228, 41, 3.44%, 0, 0, 2, 5.25, 5505, 1060, 0, 0
727, 0, 8, 234, 228, 41, 3.44%, 0, 0, 2, 5.18, 5533, 1060, 0, 0
733, 0, 8, 234, 228, 41, 3.44%, 0, 0, 2, 5.29, 5561, 1060, 0, 0
738, 0, 8, 234, 228, 41, 3.44%, 0, 0, 2, 5.31, 5589, 1060, 0, 0
743, 0, 8, 234, 228, 41, 3.44%, 0, 0, 2, 5.22, 5617, 1060, 0, 0
748, 0, 8, 234, 228, 41, 3.44%, 0, 0, 2, 5.25, 5644, 1060, 0, 0
754, 0, 8, 234, 228, 41, 3.44%, 0, 0, 2, 5.20, 5671, 1060, 0, 0
760, 0, 8, 235, 229, 41, 3.44%, 0, 0, 2, 5.22, 5706, 1061, 0, 0
766, 0, 8, 235, 229, 41, 3.44%, 0, 0, 2, 5.16, 5733, 1061, 0, 0
771, 0, 8, 235, 229, 41, 3.44%, 0, 0, 2, 5.10, 5760, 1061, 0, 0
776, 0, 8, 235, 229, 41, 3.44%, 0, 0, 2, 5.08, 5786, 1061, 0, 0
781, 0, 8, 236, 230, 41, 3.45%, 0, 0, 2, 5.19, 5813, 1062, 0, 0
786, 0, 8, 236, 230, 41, 3.45%, 0, 0, 2, 5.19, 5841, 1062, 0, 0
792, 0, 8, 236, 230, 41, 3.45%, 0, 0, 2, 5.09, 5868, 1062, 0, 0
797, 0, 8, 236, 230, 41, 3.45%, 0, 0, 2, 5.33, 5897, 1062, 0, 0
802, 0, 8, 236, 230, 41, 3.45%, 0, 0, 2, 5.49, 5925, 1062, 0, 0
807, 0, 8, 236, 230, 41, 3.45%, 0, 0, 2, 5.58, 5955, 1062, 0, 0
812, 0, 8, 236, 230, 41, 3.45%, 0, 0, 2, 5.57, 5983, 1062, 0, 0
817, 0, 8, 236, 230, 41, 3.45%, 0, 0, 2, 5.44, 6010, 1062, 0, 0
823, 0, 8, 236, 230, 41, 3.45%, 0, 0, 2, 5.57, 6040, 1062, 0, 0
828, 0, 8, 236, 230, 41, 3.45%, 0, 0, 2, 5.61, 6070, 1062, 0, 0
833, 0, 8, 236, 230, 41, 3.45%, 0, 0, 2, 5.40, 6097, 1062, 0, 0
838, 0, 8, 236, 230, 41, 3.45%, 0, 0, 2, 5.28, 6124, 1062, 0, 0
844, 0, 8, 236, 230, 41, 3.45%, 0, 0, 2, 5.26, 6152, 1062, 0, 0
849, 0, 8, 236, 230, 41, 3.45%, 0, 0, 2, 5.21, 6179, 1062, 0, 0
854, 0, 8, 236, 230, 41, 3.45%, 0, 0, 2, 5.22, 6206, 1062, 0, 0
859, 0, 8, 236, 230, 41, 3.45%, 0, 0, 2, 5.14, 6232, 1062, 0, 0
864, 0, 8, 236, 230, 41, 3.45%, 0, 0, 2, 5.11, 6259, 1062, 0, 0
871, 0, 8, 237, 231, 41, 3.45%, 0, 0, 2, 5.08, 6293, 1064, 0, 0
876, 0, 8, 237, 231, 41, 3.45%, 0, 0, 2, 5.01, 6319, 1064, 0, 0
881, 0, 8, 237, 231, 41, 3.45%, 0, 0, 2, 5.10, 6345, 1064, 0, 0
886, 0, 8, 237, 231, 41, 3.45%, 0, 0, 2, 5.23, 6372, 1064, 0, 0
891, 0, 8, 237, 231, 41, 3.45%, 0, 0, 2, 5.44, 6400, 1064, 0, 0
897, 0, 8, 237, 231, 41, 3.45%, 0, 0, 2, 5.21, 6427, 1064, 0, 0
902, 0, 8, 237, 231, 41, 3.45%, 0, 0, 2, 5.27, 6454, 1064, 0, 0
907, 0, 8, 237, 231, 41, 3.45%, 0, 0, 2, 5.52, 6484, 1064, 0, 0
912, 0, 8, 237, 231, 41, 3.45%, 0, 0, 2, 5.57, 6513, 1064, 0, 0
917, 0, 8, 237, 231, 41, 3.45%, 0, 0, 2, 5.61, 6543, 1064, 0, 0
922, 0, 8, 237, 231, 41, 3.45%, 0, 0, 2, 5.59, 6571, 1064, 0, 0
928, 0, 8, 237, 231, 41, 3.45%, 0, 0, 2, 5.55, 6599, 1064, 0, 0
933, 0, 8, 237, 231, 41, 3.45%, 0, 0, 2, 5.57, 6627, 1064, 0, 0
938, 0, 8, 237, 231, 41, 3.45%, 0, 0, 2, 5.26, 6653, 1064, 0, 0
943, 0, 8, 237, 231, 41, 3.45%, 0, 0, 2, 5.40, 6682, 1064, 0, 0
950, 0, 13, 237, 230, 119, 3.45%, 0, 0, 2, 5.53, 6722, 1064, 0, 0
955, 0, 13, 238, 231, 119, 3.46%, 0, 0, 2, 5.52, 6750, 1066, 0, 0
960, 0, 18, 238, 230, 119, 3.46%, 0, 0, 2, 5.56, 6779, 1066, 0, 0
966, 0, 20, 238, 229, 118, 3.46%, 0, 0, 2, 5.54, 6809, 1066, 0, 0
972, 0, 228, 238, 228, 117, 3.46%, 0, 0, 2, 5.40, 6843, 1066, 0, 0
977, 0, 228, 239, 229, 117, 3.46%, 0, 0, 3, 5.27, 6870, 1066, 0, 0
983, 0, 228, 240, 230, 117, 3.47%, 0, 0, 3, 5.26, 6897, 1068, 0, 0
988, 0, 228, 241, 231, 117, 3.47%, 0, 0, 3, 5.18, 6924, 1069, 0, 0
994, 0, 228, 242, 232, 117, 3.48%, 0, 0, 3, 5.25, 6958, 1071, 0, 0
999, 0, 228, 242, 232, 117, 3.48%, 0, 0, 3, 5.29, 6985, 1071, 0, 0
1007, 0, 22, 243, 232, 118, 3.48%, 0, 0, 3, 5.44, 7025, 1072, 0, 0
1013, 0, 22, 244, 233, 118, 3.49%, 0, 0, 3, 5.51, 7058, 1074, 0, 0
1018, 0, 22, 245, 234, 118, 3.49%, 0, 0, 3, 5.58, 7087, 1075, 0, 0
1037, 0, 22, 246, 235, 118, 3.49%, 0, 0, 3, 0.93, 7127, 1075, 0, 0
1042, 0, 22, 246, 235, 118, 3.49%, 0, 0, 3, 5.55, 7155, 1075, 0, 0
1047, 0, 22, 246, 235, 118, 3.49%, 0, 0, 3, 5.52, 7183, 1075, 0, 0
1052, 0, 22, 246, 235, 118, 3.49%, 0, 0, 3, 5.57, 7211, 1075, 0, 0
1057, 0, 22, 246, 235, 118, 3.49%, 0, 0, 3, 5.57, 7240, 1075, 0, 0
1063, 0, 22, 247, 236, 118, 3.49%, 0, 0, 3, 5.50, 7269, 1076, 0, 0
1068, 0, 22, 247, 236, 118, 3.49%, 0, 0, 3, 5.51, 7297, 1076, 0, 0
1073, 0, 22, 247, 236, 118, 3.49%, 0, 0, 3, 5.49, 7326, 1076, 0, 0
1086, 0, 22, 248, 237, 118, 3.49%, 0, 0, 3, 1.00, 7341, 1076, 0, 0
1092, 0, 22, 249, 238, 118, 3.50%, 0, 0, 3, 5.60, 7370, 1079, 0, 0
1097, 0, 22, 250, 239, 118, 3.50%, 0, 0, 3, 5.52, 7396, 1079, 0, 0
1102, 0, 22, 250, 239, 118, 3.50%, 0, 0, 3, 5.62, 7425, 1079, 0, 0
1107, 0, 22, 250, 239, 118, 3.50%, 0, 0, 3, 5.54, 7453, 1079, 0, 0
1113, 0, 22, 250, 239, 118, 3.50%, 0, 0, 3, 5.37, 7481, 1079, 0, 0
1120, 0, 22, 251, 240, 118, 3.75%, 0, 0, 3, 5.41, 7521, 1155, 0, 0
1125, 0, 22, 251, 240, 118, 3.75%, 0, 0, 3, 5.53, 7551, 1155, 0, 0
1131, 0, 22, 252, 241, 118, 3.75%, 0, 0, 3, 5.51, 7581, 1155, 0, 0
1136, 0, 22, 252, 241, 118, 3.75%, 0, 0, 3, 5.50, 7610, 1155, 0, 0
1141, 0, 22, 253, 242, 118, 3.75%, 0, 0, 3, 5.55, 7638, 1156, 0, 0
1159, 0, 22, 254, 243, 118, 3.75%, 0, 0, 3, 1.06, 7678, 1156, 0, 0
1164, 0, 22, 254, 243, 118, 3.75%, 0, 0, 3, 3.72, 7706, 1156, 0, 0
1169, 0, 22, 255, 244, 118, 3.75%, 0, 0, 3, 4.42, 7735, 1156, 0, 0
1175, 0, 22, 255, 244, 118, 3.75%, 0, 0, 3, 4.96, 7763, 1156, 0, 0
1180, 0, 22, 256, 245, 118, 3.76%, 0, 0, 3, 5.16, 7791, 1157, 0, 0
1185, 0, 22, 256, 245, 118, 3.76%, 0, 0, 3, 5.42, 7819, 1157, 0, 0
1190, 0, 22, 256, 245, 118, 3.76%, 0, 0, 3, 5.52, 7847, 1157, 0, 0
1195, 0, 22, 257, 246, 118, 3.77%, 0, 0, 3, 5.49, 7875, 1160, 0, 0
1200, 0, 22, 257, 246, 118, 3.77%, 0, 0, 3, 5.61, 7905, 1160, 0, 0
1206, 0, 22, 257, 246, 118, 3.77%, 0, 0, 3, 5.53, 7934, 1160, 0, 0
1211, 0, 22, 257, 246, 118, 3.77%, 0, 0, 3, 5.49, 7962, 1160, 0, 0
1216, 0, 22, 257, 246, 118, 3.77%, 0, 0, 3, 5.53, 7990, 1160, 0, 0
1221, 0, 22, 257, 246, 118, 3.77%, 0, 0, 3, 5.52, 8018, 1160, 0, 0
1226, 0, 22, 257, 246, 118, 3.77%, 0, 0, 3, 5.46, 8046, 1160, 0, 0
1231, 0, 22, 257, 246, 118, 3.77%, 0, 0, 3, 5.34, 8072, 1160, 0, 0
1237, 0, 22, 258, 246, 117, 3.77%, 0, 0, 3, 5.35, 8104, 1161, 0, 0
1243, 0, 22, 260, 248, 117, 3.77%, 0, 0, 3, 5.39, 8137, 1162, 0, 0
1250, 0, 22, 263, 251, 117, 3.77%, 0, 0, 3, 5.42, 8177, 1163, 0, 0
1257, 0, 22, 266, 254, 117, 3.78%, 0, 0, 3, 5.42, 8216, 1166, 0, 0
1265, 0, 22, 269, 257, 117, 3.80%, 0, 0, 3, 5.43, 8256, 1172, 0, 0
1272, 0, 22, 272, 260, 117, 3.81%, 0, 0, 3, 5.43, 8295, 1175, 0, 0
1279, 0, 22, 274, 262, 117, 3.84%, 0, 0, 3, 5.28, 8332, 1182, 0, 0
1285, 0, 22, 276, 264, 117, 3.85%, 0, 0, 3, 5.18, 8363, 1186, 0, 0
1290, 0, 22, 278, 266, 117, 3.86%, 0, 0, 3, 5.19, 8392, 1189, 0, 0
1296, 0, 22, 280, 268, 117, 3.87%, 0, 0, 3, 5.22, 8422, 1191, 0, 0
1301, 0, 22, 282, 270, 117, 3.88%, 0, 0, 3, 5.28, 8451, 1196, 0, 0
1306, 0, 22, 284, 272, 117, 3.89%, 0, 0, 3, 5.34, 8480, 1197, 0, 0
1312, 0, 22, 286, 274, 117, 3.89%, 0, 0, 3, 5.36, 8508, 1198, 0, 0
1319, 0, 22, 289, 277, 117, 3.90%, 0, 0, 3, 5.37, 8548, 1203, 0, 0
1325, 0, 22, 291, 279, 117, 3.91%, 0, 0, 3, 5.18, 8575, 1205, 0, 0
1342, 0, 22, 293, 281, 117, 3.92%, 0, 0, 3, 1.06, 8603, 1207, 0, 0
1359, 0, 22, 294, 282, 117, 3.92%, 0, 0, 3, 1.05, 8620, 1207, 0, 0
1375, 0, 22, 296, 284, 117, 3.92%, 0, 0, 3, 1.23, 8646, 1207, 0, 0
1387, 0, 22, 297, 285, 117, 3.92%, 0, 0, 3, 1.41, 8660, 1207, 0, 0
1395, 0, 22, 300, 288, 117, 3.96%, 0, 0, 3, 2.11, 8699, 1220, 0, 0
1402, 0, 22, 303, 291, 117, 3.97%, 0, 0, 3, 2.69, 8738, 1222, 0, 0
1409, 0, 22, 306, 294, 117, 3.98%, 0, 0, 3, 3.18, 8777, 1226, 0, 0
1414, 0, 22, 308, 296, 117, 3.98%, 0, 0, 3, 3.42, 8803, 1227, 0, 0
1420, 0, 25, 309, 297, 158, 4.00%, 0, 0, 3, 4.02, 8836, 1231, 0, 0
1426, 0, 254, 309, 296, 157, 4.00%, 0, 0, 3, 4.73, 8869, 1231, 0, 0
1431, 0, 254, 309, 296, 157, 4.00%, 0, 0, 3, 5.27, 8899, 1231, 0, 0
1436, 0, 254, 309, 296, 157, 4.00%, 0, 0, 3, 5.43, 8927, 1231, 0, 0
1443, 0, 184, 309, 295, 156, 4.00%, 0, 0, 3, 5.51, 8962, 1231, 0, 0
1448, 0, 184, 309, 295, 156, 4.00%, 0, 0, 3, 5.48, 8990, 1231, 0, 0
1453, 0, 184, 309, 295, 156, 4.00%, 0, 0, 3, 5.23, 9017, 1231, 0, 0
1458, 0, 184, 309, 295, 156, 4.00%, 0, 0, 3, 5.12, 9044, 1231, 0, 0
1464, 0, 299, 309, 294, 155, 4.00%, 0, 0, 3, 5.41, 9079, 1231, 0, 0
1471, 0, 299, 311, 296, 155, 4.01%, 0, 0, 3, 5.43, 9114, 1234, 0, 0
1476, 0, 299, 312, 297, 155, 4.01%, 0, 0, 3, 5.48, 9141, 1236, 0, 0
1481, 0, 299, 312, 297, 155, 4.01%, 0, 0, 3, 5.41, 9169, 1236, 0, 0
1486, 0, 299, 312, 297, 155, 4.01%, 0, 0, 3, 5.47, 9197, 1236, 0, 0
1492, 0, 299, 312, 297, 155, 4.01%, 0, 0, 3, 5.46, 9226, 1236, 0, 0
1497, 0, 26, 312, 296, 156, 4.01%, 0, 0, 3, 5.44, 9254, 1236, 0, 0
1502, 0, 275, 312, 295, 155, 4.01%, 0, 0, 3, 5.51, 9283, 1236, 0, 0
1507, 0, 275, 312, 295, 155, 4.01%, 0, 0, 3, 5.46, 9311, 1236, 0, 0
1512, 0, 275, 312, 295, 155, 4.01%, 0, 0, 3, 5.23, 9338, 1236, 0, 0
1518, 0, 275, 312, 295, 155, 4.01%, 0, 0, 3, 5.18, 9366, 1236, 0, 0
1524, 0, 229, 312, 294, 154, 4.01%, 0, 0, 3, 5.30, 9399, 1236, 0, 0
1529, 0, 229, 312, 294, 154, 4.01%, 0, 0, 3, 5.28, 9426, 1236, 0, 0
1534, 0, 229, 312, 294, 154, 4.01%, 0, 0, 3, 5.18, 9453, 1236, 0, 0
1539, 0, 229, 312, 294, 154, 4.01%, 0, 0, 3, 5.13, 9479, 1236, 0, 0
1545, 0, 32, 312, 293, 153, 4.01%, 0, 0, 3, 5.40, 9512, 1236, 0, 0
1550, 0, 124, 312, 292, 153, 4.01%, 0, 0, 3, 5.54, 9543, 1236, 0, 0
1556, 0, 124, 312, 292, 153, 4.01%, 0, 0, 3, 5.63, 9573, 1236, 0, 0
1561, 0, 104, 312, 291, 152, 4.01%, 0, 0, 3, 5.58, 9602, 1236, 0, 0
1566, 0, 104, 312, 291, 152, 4.01%, 0, 0, 3, 5.60, 9632, 1236, 0, 0
1572, 0, 104, 312, 291, 152, 4.01%, 0, 0, 3, 5.55, 9661, 1236, 0, 0
1577, 0, 104, 312, 291, 152, 4.01%, 0, 0, 3, 5.54, 9689, 1236, 0, 0
1582, 0, 104, 312, 291, 152, 4.01%, 0, 0, 3, 5.65, 9719, 1236, 0, 0
1587, 0, 104, 313, 292, 152, 4.02%, 0, 0, 3, 5.62, 9750, 1239, 0, 0
1592, 0, 104, 313, 292, 152, 4.02%, 0, 0, 3, 5.24, 9776, 1239, 0, 0
1598, 0, 104, 313, 292, 152, 4.02%, 0, 0, 3, 5.30, 9804, 1239, 0, 0
1603, 0, 104, 313, 292, 152, 4.02%, 0, 0, 3, 5.53, 9834, 1239, 0, 0
1608, 0, 104, 313, 292, 152, 4.02%, 0, 0, 3, 5.60, 9864, 1239, 0, 0
1614, 0, 104, 313, 292, 152, 4.02%, 0, 0, 3, 5.66, 9894, 1239, 0, 0
1619, 0, 104, 313, 292, 152, 4.02%, 0, 0, 3, 5.20, 9920, 1239, 0, 0
1624, 0, 104, 313, 292, 152, 4.02%, 0, 0, 3, 5.15, 9946, 1239, 0, 0
1629, 0, 104, 313, 292, 152, 4.02%, 0, 0, 3, 5.34, 9975, 1239, 0, 0
1634, 0, 104, 313, 292, 152, 4.02%, 0, 0, 3, 5.47, 10003, 1239, 0, 0
1639, 0, 104, 313, 292, 152, 4.02%, 0, 0, 3, 5.52, 10031, 1239, 0, 0
1644, 0, 104, 313, 292, 152, 4.02%, 0, 0, 3, 5.56, 10060, 1239, 0, 0
1649, 0, 104, 313, 292, 152, 4.02%, 0, 0, 3, 5.53, 10088, 1239, 0, 0
1655, 0, 104, 313, 292, 152, 4.02%, 0, 0, 3, 5.29, 10116, 1239, 0, 0
1660, 0, 104, 313, 292, 152, 4.02%, 0, 0, 3, 5.39, 10144, 1239, 0, 0
1665, 0, 104, 313, 292, 152, 4.02%, 0, 0, 3, 5.53, 10174, 1239, 0, 0
1670, 0, 104, 313, 292, 152, 4.02%, 0, 0, 3, 5.38, 10201, 1239, 0, 0
1675, 0, 104, 313, 292, 152, 4.02%, 0, 0, 3, 5.53, 10230, 1239, 0, 0
1680, 0, 104, 313, 292, 152, 4.02%, 0, 0, 3, 5.56, 10258, 1239, 0, 0
1685, 0, 104, 313, 292, 152, 4.02%, 0, 0, 3, 5.58, 10286, 1239, 0, 0
1690, 0, 104, 313, 292, 152, 4.02%, 0, 0, 3, 5.44, 10313, 1239, 0, 0
1696, 0, 104, 313, 292, 152, 4.02%, 0, 0, 3, 5.51, 10341, 1239, 0, 0
1702, 0, 27, 313, 291, 151, 4.02%, 0, 0, 3, 5.57, 10380, 1239, 0, 0
1708, 0, 270, 313, 290, 150, 4.02%, 0, 0, 3, 5.63, 10410, 1239, 0, 0
1713, 0, 270, 313, 290, 150, 4.02%, 0, 0, 3, 5.35, 10437, 1239, 0, 0
1718, 0, 92, 313, 289, 149, 4.02%, 0, 0, 3, 5.33, 10465, 1239, 0, 0
1723, 0, 92, 313, 289, 149, 4.02%, 0, 0, 3, 5.40, 10493, 1239, 0, 0
1729, 0, 92, 315, 291, 149, 4.03%, 0, 0, 3, 5.42, 10523, 1242, 0, 0
1734, 0, 92, 316, 292, 149, 4.03%, 0, 0, 3, 5.41, 10551, 1243, 0, 0
1739, 0, 92, 316, 292, 149, 4.03%, 0, 0, 3, 5.35, 10578, 1243, 0, 0
1744, 0, 92, 316, 292, 149, 4.03%, 0, 0, 3, 5.35, 10606, 1243, 0, 0
1749, 0, 92, 316, 292, 149, 4.03%, 0, 0, 3, 5.38, 10634, 1243, 0, 0
1755, 0, 92, 316, 292, 149, 4.03%, 0, 0, 3, 5.32, 10662, 1243, 0, 0
1760, 0, 92, 316, 292, 149, 4.03%, 0, 0, 3, 5.38, 10691, 1243, 0, 0
1765, 0, 92, 316, 292, 149, 4.03%, 0, 0, 3, 5.40, 10719, 1243, 0, 0
1771, 0, 92, 316, 292, 149, 4.03%, 0, 0, 3, 5.37, 10748, 1243, 0, 0
1776, 0, 92, 316, 292, 149, 4.03%, 0, 0, 3, 5.36, 10775, 1243, 0, 0
1781, 0, 92, 316, 292, 149, 4.03%, 0, 0, 3, 5.37, 10804, 1243, 0, 0
1786, 0, 92, 316, 292, 149, 4.03%, 0, 0, 3, 5.41, 10833, 1243, 0, 0
1792, 0, 92, 316, 292, 149, 4.03%, 0, 0, 3, 5.40, 10862, 1243, 0, 0
1797, 0, 92, 317, 293, 149, 4.04%, 0, 0, 3, 5.40, 10891, 1244, 0, 0
1802, 0, 92, 317, 293, 149, 4.04%, 0, 0, 3, 5.36, 10918, 1244, 0, 0
1807, 0, 92, 317, 293, 149, 4.04%, 0, 0, 3, 5.35, 10945, 1244, 0, 0
1812, 0, 92, 317, 293, 149, 4.04%, 0, 0, 3, 5.37, 10973, 1244, 0, 0
1817, 0, 92, 317, 293, 149, 4.04%, 0, 0, 3, 5.32, 11000, 1244, 0, 0
1823, 0, 92, 317, 293, 149, 4.04%, 0, 0, 3, 5.38, 11028, 1244, 0, 0
1828, 0, 92, 317, 293, 149, 4.04%, 0, 0, 3, 5.34, 11056, 1244, 0, 0
1833, 0, 92, 318, 294, 149, 4.04%, 0, 0, 3, 5.34, 11083, 1245, 0, 0
1838, 0, 92, 318, 294, 149, 4.04%, 0, 0, 3, 5.27, 11109, 1245, 0, 0
1843, 0, 92, 318, 294, 149, 4.04%, 0, 0, 3, 5.36, 11138, 1245, 0, 0
1848, 0, 92, 318, 294, 149, 4.04%, 0, 0, 3, 5.43, 11166, 1245, 0, 0
1855, 0, 92, 319, 295, 149, 4.04%, 0, 0, 3, 5.45, 11202, 1246, 0, 0
1860, 0, 92, 319, 295, 149, 4.04%, 0, 0, 3, 5.35, 11229, 1246, 0, 0
1865, 0, 92, 319, 295, 149, 4.04%, 0, 0, 3, 5.38, 11257, 1246, 0, 0
1870, 0, 92, 319, 295, 149, 4.04%, 0, 0, 3, 5.08, 11283, 1246, 0, 0
1876, 0, 92, 319, 295, 149, 4.04%, 0, 0, 3, 4.52, 11305, 1246, 0, 0
1881, 0, 92, 319, 295, 149, 4.04%, 0, 0, 3, 4.93, 11331, 1246, 0, 0
1886, 0, 92, 319, 295, 149, 4.04%, 0, 0, 3, 5.21, 11359, 1246, 0, 0
1891, 0, 92, 319, 295, 149, 4.04%, 0, 0, 3, 5.26, 11386, 1246, 0, 0
1896, 0, 92, 319, 295, 149, 4.04%, 0, 0, 3, 5.22, 11414, 1246, 0, 0
1901, 0, 92, 319, 295, 149, 4.04%, 0, 0, 3, 5.33, 11442, 1246, 0, 0
1907, 0, 92, 319, 295, 149, 4.04%, 0, 0, 3, 5.48, 11471, 1246, 0, 0
1912, 0, 92, 319, 295, 149, 4.04%, 0, 0, 3, 5.51, 11499, 1246, 0, 0
1917, 0, 92, 319, 295, 149, 4.04%, 0, 0, 3, 5.51, 11528, 1246, 0, 0
1922, 0, 92, 319, 295, 149, 4.04%, 0, 0, 3, 5.52, 11557, 1246, 0, 0
1927, 0, 92, 319, 295, 149, 4.04%, 0, 0, 3, 5.55, 11585, 1246, 0, 0
1932, 0, 92, 319, 295, 149, 4.04%, 0, 0, 3, 5.48, 11613, 1246, 0, 0
1937, 0, 92, 319, 295, 149, 4.04%, 0, 0, 3, 5.50, 11641, 1246, 0, 0
1942, 0, 92, 319, 295, 149, 4.04%, 0, 0, 3, 5.55, 11669, 1246, 0, 0
1947, 0, 92, 319, 295, 149, 4.04%, 0, 0, 3, 5.56, 11697, 1246, 0, 0
1953, 0, 92, 319, 295, 149, 4.04%, 0, 0, 3, 5.56, 11726, 1246, 0, 0
1958, 0, 92, 319, 295, 149, 4.04%, 0, 0, 3, 5.56, 11755, 1246, 0, 0
1963, 0, 92, 319, 295, 149, 4.04%, 0, 0, 3, 5.67, 11785, 1246, 0, 0
1968, 0, 92, 319, 295, 149, 4.04%, 0, 0, 3, 5.46, 11813, 1246, 0, 0
1974, 0, 92, 319, 295, 149, 4.04%, 0, 0, 3, 5.59, 11843, 1246, 0, 0
1979, 0, 92, 319, 295, 149, 4.04%, 0, 0, 3, 5.69, 11873, 1246, 0, 0
1984, 0, 92, 319, 295, 149, 4.04%, 0, 0, 3, 5.66, 11903, 1246, 0, 0
1989, 0, 92, 319, 295, 149, 4.04%, 0, 0, 3, 5.58, 11931, 1246, 0, 0
1994, 0, 92, 320, 296, 149, 4.04%, 0, 0, 3, 5.60, 11961, 1246, 0, 0
2000, 0, 92, 320, 296, 149, 4.04%, 0, 0, 3, 5.70, 11991, 1246, 0, 0
2005, 0, 92, 321, 297, 149, 4.05%, 0, 0, 3, 5.64, 12019, 1247, 0, 0
2010, 0, 92, 321, 297, 149, 4.05%, 0, 0, 3, 5.64, 12049, 1247, 0, 0
2015, 0, 92, 321, 297, 149, 4.05%, 0, 0, 3, 5.39, 12076, 1247, 0, 0
2023, 0, 92, 322, 298, 149, 4.05%, 0, 0, 3, 5.56, 12118, 1247, 0, 0
2028, 0, 92, 322, 298, 149, 4.05%, 0, 0, 3, 5.56, 12147, 1247, 0, 0
2033, 0, 92, 322, 298, 149, 4.05%, 0, 0, 3, 5.56, 12176, 1247, 0, 0
2038, 0, 92, 322, 298, 149, 4.05%, 0, 0, 3, 5.65, 12206, 1247, 0, 0
2044, 0, 92, 322, 298, 149, 4.05%, 0, 0, 3, 5.58, 12235, 1247, 0, 0
2049, 0, 92, 322, 298, 149, 4.05%, 0, 0, 3, 5.61, 12265, 1247, 0, 0
2054, 0, 92, 322, 298, 149, 4.05%, 0, 0, 3, 5.59, 12293, 1247, 0, 0
2059, 0, 92, 322, 298, 149, 4.05%, 0, 0, 3, 5.48, 12322, 1247, 0, 0
2065, 0, 92, 322, 298, 149, 4.05%, 0, 0, 3, 5.57, 12352, 1247, 0, 0
2070, 0, 92, 322, 298, 149, 4.05%, 0, 0, 3, 5.54, 12381, 1247, 0, 0
2075, 0, 92, 322, 298, 149, 4.05%, 0, 0, 3, 5.32, 12408, 1247, 0, 0
2080, 0, 92, 322, 298, 149, 4.05%, 0, 0, 3, 5.45, 12436, 1247, 0, 0
2085, 0, 92, 322, 298, 149, 4.05%, 0, 0, 3, 5.50, 12465, 1247, 0, 0
2090, 0, 92, 322, 298, 149, 4.05%, 0, 0, 3, 5.51, 12493, 1247, 0, 0
2095, 0, 92, 322, 298, 149, 4.05%, 0, 0, 3, 5.49, 12521, 1247, 0, 0
2101, 0, 92, 322, 298, 149, 4.05%, 0, 0, 3, 5.49, 12550, 1247, 0, 0
2106, 0, 92, 322, 298, 149, 4.05%, 0, 0, 3, 5.45, 12579, 1247, 0, 0
2111, 0, 92, 322, 298, 149, 4.05%, 0, 0, 3, 5.51, 12607, 1247, 0, 0
2116, 0, 92, 322, 298, 149, 4.05%, 0, 0, 3, 5.57, 12635, 1247, 0, 0
2121, 0, 92, 322, 298, 149, 4.05%, 0, 0, 3, 5.53, 12663, 1247, 0, 0
2126, 0, 92, 322, 298, 149, 4.05%, 0, 0, 3, 5.60, 12692, 1247, 0, 0
2131, 0, 92, 322, 298, 149, 4.05%, 0, 0, 3, 5.57, 12720, 1247, 0, 0
2136, 0, 92, 322, 298, 149, 4.05%, 0, 0, 3, 5.47, 12748, 1247, 0, 0
2142, 0, 92, 322, 298, 149, 4.05%, 0, 0, 3, 5.55, 12778, 1247, 0, 0
2147, 0, 92, 322, 298, 149, 4.05%, 0, 0, 3, 5.58, 12806, 1247, 0, 0
2152, 0, 92, 322, 298, 149, 4.05%, 0, 0, 3, 5.66, 12836, 1247, 0, 0
2157, 0, 92, 322, 298, 149, 4.05%, 0, 0, 3, 5.56, 12865, 1247, 0, 0
2162, 0, 92, 322, 298, 149, 4.05%, 0, 0, 3, 5.60, 12894, 1247, 0, 0
2168, 0, 92, 322, 298, 149, 4.05%, 0, 0, 3, 5.51, 12924, 1247, 0, 0
2173, 0, 92, 322, 298, 149, 4.05%, 0, 0, 3, 5.55, 12952, 1247, 0, 0
2178, 0, 92, 322, 298, 149, 4.05%, 0, 0, 3, 5.51, 12980, 1247, 0, 0
2183, 0, 92, 322, 298, 149, 4.05%, 0, 0, 3, 5.57, 13008, 1247, 0, 0
2188, 0, 92, 322, 298, 149, 4.05%, 0, 0, 3, 5.51, 13037, 1247, 0, 0
2193, 0, 92, 322, 298, 149, 4.05%, 0, 0, 3, 5.55, 13065, 1247, 0, 0
2199, 0, 92, 322, 298, 149, 4.05%, 0, 0, 3, 5.53, 13094, 1247, 0, 0
2204, 0, 92, 322, 298, 149, 4.05%, 0, 0, 3, 5.55, 13122, 1247, 0, 0
2209, 0, 92, 322, 298, 149, 4.05%, 0, 0, 3, 5.40, 13149, 1247, 0, 0
2214, 0, 92, 322, 298, 149, 4.05%, 0, 0, 3, 5.21, 13176, 1247, 0, 0
2219, 0, 46, 322, 297, 154, 4.05%, 0, 0, 3, 5.39, 13205, 1247, 0, 0
2224, 0, 46, 322, 297, 154, 4.05%, 0, 0, 3, 5.48, 13233, 1247, 0, 0
2229, 0, 46, 323, 298, 154, 4.06%, 0, 0, 3, 5.41, 13260, 1251, 0, 0
2236, 0, 46, 325, 300, 154, 4.07%, 0, 0, 3, 5.31, 13290, 1253, 0, 0
2241, 0, 46, 325, 300, 154, 4.07%, 0, 0, 3, 4.09, 13308, 1253, 0, 0
2247, 0, 46, 326, 301, 154, 4.07%, 0, 0, 3, 3.85, 13329, 1254, 0, 0
2254, 0, 46, 327, 302, 154, 4.13%, 0, 0, 3, 3.63, 13355, 1273, 0, 0
2260, 0, 46, 327, 302, 154, 4.13%, 0, 0, 3, 3.65, 13374, 1273, 0, 0
2265, 0, 46, 327, 302, 154, 4.13%, 0, 0, 3, 3.57, 13392, 1273, 0, 0
2270, 0, 46, 327, 302, 154, 4.13%, 0, 0, 3, 3.58, 13410, 1273, 0, 0
2275, 0, 46, 327, 302, 154, 4.13%, 0, 0, 3, 3.53, 13428, 1273, 0, 0
2280, 0, 46, 327, 302, 154, 4.13%, 0, 0, 3, 3.60, 13447, 1273, 0, 0
2285, 0, 46, 327, 302, 154, 4.13%, 0, 0, 3, 3.60, 13466, 1273, 0, 0
2291, 0, 46, 327, 302, 154, 4.13%, 0, 0, 3, 3.51, 13484, 1273, 0, 0
2296, 0, 46, 327, 302, 154, 4.13%, 0, 0, 3, 3.56, 13503, 1273, 0, 0
2301, 0, 46, 327, 302, 154, 4.13%, 0, 0, 3, 3.55, 13521, 1273, 0, 0
2306, 0, 46, 327, 302, 154, 4.13%, 0, 0, 3, 3.52, 13539, 1273, 0, 0
2315, 0, 46, 329, 304, 154, 4.16%, 0, 0, 3, 3.55, 13569, 1282, 0, 0
2322, 0, 46, 331, 306, 154, 4.18%, 0, 0, 3, 3.58, 13597, 1289, 0, 0
2327, 0, 46, 331, 306, 154, 4.18%, 0, 0, 3, 3.99, 13618, 1289, 0, 0
2332, 0, 46, 331, 306, 154, 4.18%, 0, 0, 3, 4.09, 13639, 1289, 0, 0
2337, 0, 46, 331, 306, 154, 4.18%, 0, 0, 3, 4.13, 13660, 1289, 0, 0
2342, 0, 46, 331, 306, 154, 4.18%, 0, 0, 3, 4.12, 13681, 1289, 0, 0
2350, 0, 46, 333, 308, 154, 4.19%, 0, 0, 3, 4.08, 13714, 1292, 0, 0
2356, 0, 46, 333, 308, 154, 4.19%, 0, 0, 3, 4.10, 13735, 1292, 0, 0
2361, 0, 46, 333, 308, 154, 4.19%, 0, 0, 3, 3.98, 13754, 1292, 0, 0
2366, 0, 46, 333, 308, 154, 4.19%, 0, 0, 3, 4.10, 13775, 1292, 0, 0
2371, 0, 46, 333, 308, 154, 4.19%, 0, 0, 3, 4.13, 13796, 1292, 0, 0
2376, 0, 46, 333, 308, 154, 4.19%, 0, 0, 3, 4.09, 13817, 1292, 0, 0
2381, 0, 46, 333, 308, 154, 4.19%, 0, 0, 3, 3.99, 13837, 1292, 0, 0
2386, 0, 46, 333, 308, 154, 4.19%, 0, 0, 3, 4.06, 13858, 1292, 0, 0
2391, 0, 46, 333, 308, 154, 4.19%, 0, 0, 3, 4.13, 13879, 1292, 0, 0
2396, 0, 46, 333, 308, 154, 4.19%, 0, 0, 3, 4.13, 13900, 1292, 0, 0
2401, 0, 46, 333, 308, 154, 4.19%, 0, 0, 3, 4.13, 13921, 1292, 0, 0
2407, 0, 46, 333, 308, 154, 4.19%, 0, 0, 3, 4.10, 13942, 1292, 0, 0
2412, 0, 46, 333, 308, 154, 4.19%, 0, 0, 3, 3.90, 13962, 1292, 0, 0
2417, 0, 46, 333, 308, 154, 4.19%, 0, 0, 3, 3.59, 13980, 1292, 0, 0
2422, 0, 46, 333, 308, 154, 4.19%, 0, 0, 3, 3.55, 13998, 1292, 0, 0
2427, 0, 46, 333, 308, 154, 4.19%, 0, 0, 3, 3.55, 14016, 1292, 0, 0
2432, 0, 46, 333, 308, 154, 4.19%, 0, 0, 3, 3.55, 14034, 1292, 0, 0
2437, 0, 46, 333, 308, 154, 4.19%, 0, 0, 3, 3.51, 14052, 1292, 0, 0
2442, 0, 46, 333, 308, 154, 4.19%, 0, 0, 3, 3.52, 14070, 1292, 0, 0
2448, 0, 46, 333, 308, 154, 4.19%, 0, 0, 3, 3.56, 14088, 1292, 0, 0
2453, 0, 46, 333, 308, 154, 4.19%, 0, 0, 3, 3.58, 14106, 1292, 0, 0
2458, 0, 46, 333, 308, 154, 4.19%, 0, 0, 3, 3.61, 14125, 1292, 0, 0
2463, 0, 46, 333, 308, 154, 4.19%, 0, 0, 3, 3.66, 14144, 1292, 0, 0
2468, 0, 46, 333, 308, 154, 4.19%, 0, 0, 3, 3.65, 14163, 1292, 0, 0
2475, 0, 46, 334, 309, 154, 4.20%, 0, 0, 3, 3.57, 14187, 1295, 0, 0
2480, 0, 46, 334, 309, 154, 4.20%, 0, 0, 3, 3.58, 14205, 1295, 0, 0
2485, 0, 46, 334, 309, 154, 4.20%, 0, 0, 3, 3.60, 14224, 1295, 0, 0
2490, 0, 46, 334, 309, 154, 4.20%, 0, 0, 3, 3.60, 14242, 1295, 0, 0
2495, 0, 46, 334, 309, 154, 4.20%, 0, 0, 3, 3.86, 14262, 1295, 0, 0
2500, 0, 46, 334, 309, 154, 4.20%, 0, 0, 3, 4.01, 14283, 1295, 0, 0
2506, 0, 46, 334, 309, 154, 4.20%, 0, 0, 3, 4.09, 14304, 1295, 0, 0
2511, 0, 46, 334, 309, 154, 4.20%, 0, 0, 3, 4.13, 14325, 1295, 0, 0
2516, 0, 46, 334, 309, 154, 4.20%, 0, 0, 3, 4.12, 14346, 1295, 0, 0
2521, 0, 46, 334, 309, 154, 4.20%, 0, 0, 3, 4.14, 14367, 1295, 0, 0
2526, 0, 46, 334, 309, 154, 4.20%, 0, 0, 3, 4.12, 14388, 1295, 0, 0
2531, 0, 46, 334, 309, 154, 4.20%, 0, 0, 3, 4.09, 14409, 1295, 0, 0
2536, 0, 46, 334, 309, 154, 4.20%, 0, 0, 3, 4.15, 14430, 1295, 0, 0
2541, 0, 46, 334, 309, 154, 4.20%, 0, 0, 3, 4.14, 14451, 1295, 0, 0
2546, 0, 46, 334, 309, 154, 4.20%, 0, 0, 3, 4.10, 14472, 1295, 0, 0
2552, 0, 46, 334, 309, 154, 4.20%, 0, 0, 3, 4.06, 14493, 1295, 0, 0
2557, 0, 46, 334, 309, 154, 4.20%, 0, 0, 3, 3.90, 14513, 1295, 0, 0
2562, 0, 46, 335, 310, 154, 4.20%, 0, 0, 3, 4.02, 14534, 1295, 0, 0
2567, 0, 46, 335, 310, 154, 4.20%, 0, 0, 3, 4.15, 14555, 1295, 0, 0
2572, 0, 46, 335, 310, 154, 4.20%, 0, 0, 3, 4.15, 14576, 1295, 0, 0
2577, 0, 46, 335, 310, 154, 4.20%, 0, 0, 3, 4.15, 14597, 1295, 0, 0
2582, 0, 46, 335, 310, 154, 4.20%, 0, 0, 3, 4.19, 14618, 1295, 0, 0
2587, 0, 46, 335, 310, 154, 4.20%, 0, 0, 3, 3.87, 14637, 1295, 0, 0
2592, 0, 46, 335, 310, 154, 4.20%, 0, 0, 3, 3.69, 14656, 1295, 0, 0
2598, 0, 46, 335, 310, 154, 4.20%, 0, 0, 3, 3.67, 14675, 1295, 0, 0
2603, 0, 46, 336, 311, 154, 4.21%, 0, 0, 3, 3.65, 14696, 1298, 0, 0
2608, 0, 46, 336, 311, 154, 4.21%, 0, 0, 3, 3.61, 14714, 1298, 0, 0
2614, 0, 46, 336, 311, 154, 4.21%, 0, 0, 3, 3.68, 14733, 1298, 0, 0
2619, 0, 46, 336, 311, 154, 4.21%, 0, 0, 3, 3.73, 14752, 1298, 0, 0
2624, 0, 46, 336, 311, 154, 4.21%, 0, 0, 3, 3.69, 14771, 1298, 0, 0
2624, 0, 46, 336, 311, 154, 4.21%, 0, 0, 3, 0.00, 14773, 1298, 0, 0
2686, 0, 217, 429, 391, 233, 4.80%, 0, 0, 5, 25.08, 16330, 1478, 0, 0
2691, 0, 217, 429, 391, 233, 4.80%, 0, 0, 5, 24.19, 16454, 1478, 0, 0
2697, 0, 217, 429, 391, 233, 4.80%, 0, 0, 5, 24.06, 16578, 1478, 0, 0
2702, 0, 217, 432, 394, 233, 4.80%, 0, 0, 5, 24.81, 16707, 1479, 0, 0
2707, 0, 217, 433, 395, 233, 4.80%, 0, 0, 5, 23.73, 16816, 1480, 0, 0
2712, 0, 217, 433, 395, 233, 4.80%, 0, 0, 5, 24.01, 16941, 1480, 0, 0
2717, 0, 217, 434, 396, 233, 4.81%, 0, 0, 5, 24.27, 17064, 1481, 0, 0
2722, 0, 217, 435, 397, 233, 4.81%, 0, 0, 5, 24.37, 17189, 1481, 0, 0
2727, 0, 217, 435, 397, 233, 4.81%, 0, 0, 5, 24.09, 17313, 1481, 0, 0
2732, 0, 217, 435, 397, 233, 4.81%, 0, 0, 5, 24.24, 17439, 1481, 0, 0
2737, 0, 217, 435, 397, 233, 4.81%, 0, 0, 5, 24.31, 17562, 1481, 0, 0
2742, 0, 217, 436, 398, 233, 4.81%, 0, 0, 5, 23.94, 17681, 1482, 0, 0
2747, 0, 217, 437, 399, 233, 4.81%, 0, 0, 5, 24.88, 17810, 1483, 0, 0
2753, 0, 217, 437, 399, 233, 4.81%, 0, 0, 5, 24.82, 17936, 1483, 0, 0
2758, 0, 217, 438, 400, 233, 4.82%, 0, 0, 5, 24.99, 18061, 1484, 0, 0
2763, 0, 217, 438, 400, 233, 4.82%, 0, 0, 5, 24.64, 18186, 1484, 0, 0
2768, 0, 217, 438, 400, 233, 4.82%, 0, 0, 5, 23.84, 18306, 1484, 0, 0
2773, 0, 217, 438, 400, 233, 4.82%, 0, 0, 5, 23.84, 18426, 1484, 0, 0
2778, 0, 217, 439, 401, 233, 4.82%, 0, 0, 5, 23.96, 18547, 1485, 0, 0
2783, 0, 217, 440, 402, 233, 4.82%, 0, 0, 5, 24.56, 18671, 1485, 0, 0
2788, 0, 217, 441, 403, 233, 4.82%, 0, 0, 5, 23.70, 18790, 1486, 0, 0
2793, 0, 217, 442, 404, 233, 4.83%, 0, 0, 5, 24.46, 18918, 1488, 0, 0
2798, 0, 217, 442, 404, 233, 4.83%, 0, 0, 5, 24.24, 19041, 1488, 0, 0
2803, 0, 217, 442, 404, 233, 4.83%, 0, 0, 5, 23.83, 19162, 1488, 0, 0
2808, 0, 217, 442, 404, 233, 4.83%, 0, 0, 5, 23.99, 19285, 1488, 0, 0
2814, 0, 217, 443, 405, 233, 4.83%, 0, 0, 5, 25.50, 19419, 1489, 0, 0
2819, 0, 217, 443, 405, 233, 4.83%, 0, 0, 5, 24.93, 19546, 1489, 0, 0
2824, 0, 217, 443, 405, 233, 4.83%, 0, 0, 5, 22.71, 19659, 1489, 0, 0
2829, 0, 217, 443, 405, 233, 4.83%, 0, 0, 5, 23.44, 19778, 1489, 0, 0
2834, 0, 217, 444, 406, 233, 4.84%, 0, 0, 5, 23.52, 19901, 1490, 0, 0
2839, 0, 217, 444, 406, 233, 4.84%, 0, 0, 5, 23.37, 20020, 1490, 0, 0
2844, 0, 217, 444, 406, 233, 4.84%, 0, 0, 5, 23.68, 20140, 1490, 0, 0
2849, 0, 217, 444, 406, 233, 4.84%, 0, 0, 5, 23.96, 20263, 1490, 0, 0
2855, 0, 217, 445, 407, 233, 4.84%, 0, 0, 5, 24.24, 20392, 1490, 0, 0
2860, 0, 217, 445, 407, 233, 4.84%, 0, 0, 5, 24.13, 20513, 1490, 0, 0
2865, 0, 217, 445, 407, 233, 4.84%, 0, 0, 5, 24.12, 20636, 1490, 0, 0
2870, 0, 217, 445, 407, 233, 4.84%, 0, 0, 5, 24.48, 20758, 1490, 0, 0
2875, 0, 217, 445, 407, 233, 4.84%, 0, 0, 5, 23.91, 20883, 1490, 0, 0
2880, 0, 217, 445, 407, 233, 4.84%, 0, 0, 5, 23.86, 21007, 1490, 0, 0
2885, 0, 217, 446, 408, 233, 4.84%, 0, 0, 5, 24.19, 21130, 1492, 0, 0
2890, 0, 217, 446, 408, 233, 4.84%, 0, 0, 5, 25.49, 21259, 1492, 0, 0
2896, 0, 217, 446, 408, 233, 4.84%, 0, 0, 5, 24.42, 21384, 1492, 0, 0
2901, 0, 217, 446, 408, 233, 4.84%, 0, 0, 5, 24.71, 21509, 1492, 0, 0
2906, 0, 217, 447, 409, 233, 4.84%, 0, 0, 5, 23.72, 21640, 1492, 0, 0
2911, 0, 217, 447, 409, 233, 4.84%, 0, 0, 5, 24.62, 21766, 1492, 0, 0
2916, 0, 217, 447, 409, 233, 4.84%, 0, 0, 5, 24.36, 21890, 1492, 0, 0
2921, 0, 217, 448, 410, 233, 4.84%, 0, 0, 5, 24.50, 22014, 1492, 0, 0
2926, 0, 217, 448, 410, 233, 4.84%, 0, 0, 5, 22.42, 22132, 1492, 0, 0
2932, 0, 217, 448, 410, 233, 4.84%, 0, 0, 5, 23.15, 22252, 1492, 0, 0
2937, 0, 217, 448, 410, 233, 4.84%, 0, 0, 5, 24.07, 22376, 1492, 0, 0
2943, 0, 7, 448, 409, 249, 4.84%, 0, 0, 5, 24.70, 22534, 1492, 0, 0
2950, 0, 160, 449, 408, 247, 4.85%, 0, 0, 5, 24.42, 22699, 1493, 0, 0
2955, 0, 13, 449, 407, 246, 4.85%, 0, 0, 5, 24.15, 22820, 1493, 0, 0
2960, 0, 13, 452, 410, 246, 4.85%, 0, 0, 5, 23.54, 22941, 1494, 0, 0
2965, 0, 13, 452, 410, 246, 4.85%, 0, 0, 5, 24.04, 23065, 1494, 0, 0
2972, 0, 17, 452, 409, 246, 4.85%, 0, 0, 5, 24.12, 23232, 1494, 0, 0
2977, 0, 382, 454, 410, 245, 4.88%, 0, 0, 5, 25.21, 23361, 1502, 0, 0
2982, 0, 382, 456, 412, 245, 4.89%, 0, 0, 5, 27.84, 23478, 1507, 0, 0
2987, 0, 382, 458, 414, 245, 4.89%, 0, 0, 5, 26.38, 23610, 1508, 0, 0
2992, 0, 382, 461, 417, 245, 4.90%, 0, 0, 5, 26.62, 23747, 1510, 0, 0
2997, 0, 382, 461, 417, 245, 4.90%, 0, 0, 5, 26.17, 23877, 1510, 0, 0
3003, 0, 382, 462, 418, 245, 4.92%, 0, 0, 5, 26.21, 24012, 1515, 0, 0
3008, 0, 382, 462, 418, 245, 4.92%, 0, 0, 5, 25.55, 24143, 1515, 0, 0
3013, 0, 382, 463, 419, 245, 4.92%, 0, 0, 5, 26.31, 24279, 1516, 0, 0
3018, 0, 382, 466, 422, 245, 4.96%, 0, 0, 5, 26.13, 24413, 1527, 0, 0
3023, 0, 382, 468, 424, 245, 4.96%, 0, 0, 5, 25.38, 24545, 1528, 0, 0
3028, 0, 382, 468, 424, 245, 4.96%, 0, 0, 5, 26.22, 24676, 1528, 0, 0
3033, 0, 382, 470, 426, 245, 4.96%, 0, 0, 5, 26.30, 24808, 1529, 0, 0
3038, 0, 22, 471, 426, 255, 4.97%, 0, 0, 5, 25.65, 24941, 1530, 0, 0
3044, 0, 205, 472, 426, 254, 4.97%, 0, 0, 5, 25.54, 25082, 1530, 0, 0
3049, 0, 268, 472, 425, 253, 4.97%, 0, 0, 5, 24.97, 25212, 1530, 0, 0
3055, 0, 408, 472, 424, 252, 4.97%, 0, 0, 5, 24.31, 25340, 1530, 0, 0
3060, 0, 408, 474, 426, 252, 4.97%, 0, 0, 5, 25.46, 25487, 1532, 0, 0
3066, 0, 408, 475, 427, 252, 4.98%, 0, 0, 5, 25.24, 25623, 1533, 0, 0
3071, 0, 408, 475, 427, 252, 4.98%, 0, 0, 5, 24.88, 25749, 1533, 0, 0
3076, 0, 408, 475, 427, 252, 4.98%, 0, 0, 5, 25.43, 25878, 1533, 0, 0
3081, 0, 408, 475, 427, 252, 4.98%, 0, 0, 5, 24.97, 26003, 1533, 0, 0
3086, 0, 30, 476, 426, 254, 4.98%, 0, 0, 5, 25.41, 26137, 1534, 0, 0
3091, 0, 387, 476, 425, 253, 4.98%, 0, 0, 5, 25.47, 26275, 1534, 0, 0
3097, 0, 387, 477, 426, 253, 4.98%, 0, 0, 5, 25.79, 26403, 1535, 0, 0
3102, 0, 387, 477, 426, 253, 4.98%, 0, 0, 5, 25.62, 26531, 1535, 0, 0
3107, 0, 387, 477, 426, 253, 4.98%, 0, 0, 5, 26.36, 26667, 1535, 0, 0
3112, 0, 387, 477, 426, 253, 4.98%, 0, 0, 5, 26.10, 26798, 1535, 0, 0
3117, 0, 387, 477, 426, 253, 4.98%, 0, 0, 5, 24.59, 26926, 1535, 0, 0
3122, 0, 387, 477, 426, 253, 4.98%, 0, 0, 5, 24.07, 27050, 1535, 0, 0
3127, 0, 387, 479, 428, 253, 4.99%, 0, 0, 5, 24.50, 27172, 1536, 0, 0
3132, 0, 387, 479, 428, 253, 4.99%, 0, 0, 5, 24.35, 27292, 1536, 0, 0
3137, 0, 387, 480, 429, 253, 4.99%, 0, 0, 5, 24.65, 27417, 1537, 0, 0
3142, 0, 387, 480, 429, 253, 4.99%, 0, 0, 5, 24.80, 27542, 1537, 0, 0
3147, 0, 387, 482, 431, 253, 4.99%, 0, 0, 5, 25.10, 27667, 1537, 0, 0
3152, 0, 387, 483, 432, 253, 4.99%, 0, 0, 5, 24.97, 27796, 1537, 0, 0
3157, 0, 387, 485, 434, 253, 5.00%, 0, 0, 5, 25.17, 27923, 1539, 0, 0
3162, 0, 387, 486, 435, 253, 5.00%, 0, 0, 5, 25.12, 28050, 1539, 0, 0
3168, 0, 387, 489, 438, 253, 5.00%, 0, 0, 5, 25.41, 28192, 1540, 0, 0
3173, 0, 387, 490, 439, 253, 5.00%, 0, 0, 5, 24.51, 28316, 1541, 0, 0
3178, 0, 387, 491, 440, 253, 5.00%, 0, 0, 5, 24.89, 28444, 1541, 0, 0
3183, 0, 387, 491, 440, 253, 5.00%, 0, 0, 5, 24.91, 28574, 1541, 0, 0
3188, 0, 387, 492, 441, 253, 5.00%, 0, 0, 5, 25.08, 28701, 1541, 0, 0
3194, 0, 387, 492, 441, 253, 5.00%, 0, 0, 5, 25.02, 28830, 1541, 0, 0
3199, 0, 387, 492, 441, 253, 5.00%, 0, 0, 5, 25.36, 28958, 1541, 0, 0
3204, 0, 387, 493, 442, 253, 5.01%, 0, 0, 5, 25.48, 29087, 1545, 0, 0
3209, 0, 387, 494, 443, 253, 5.02%, 0, 0, 5, 25.29, 29214, 1546, 0, 0
3214, 0, 387, 495, 444, 253, 5.02%, 0, 0, 5, 25.20, 29343, 1547, 0, 0
3219, 0, 387, 495, 444, 253, 5.02%, 0, 0, 5, 25.90, 29476, 1547, 0, 0
3224, 0, 387, 495, 444, 253, 5.02%, 0, 0, 5, 25.47, 29603, 1547, 0, 0
3229, 0, 387, 495, 444, 253, 5.02%, 0, 0, 5, 25.12, 29734, 1547, 0, 0
3234, 0, 387, 495, 444, 253, 5.02%, 0, 0, 5, 24.40, 29857, 1547, 0, 0
3239, 0, 387, 495, 444, 253, 5.02%, 0, 0, 5, 24.73, 29983, 1547, 0, 0
3244, 0, 387, 495, 444, 253, 5.02%, 0, 0, 5, 24.25, 30108, 1547, 0, 0
3249, 0, 387, 497, 446, 253, 5.02%, 0, 0, 5, 24.35, 30232, 1547, 0, 0
3254, 0, 387, 499, 448, 253, 5.03%, 0, 0, 5, 24.82, 30361, 1551, 0, 0
3259, 0, 387, 499, 448, 253, 5.03%, 0, 0, 5, 24.50, 30483, 1551, 0, 0
3265, 0, 387, 499, 448, 253, 5.03%, 0, 0, 5, 24.80, 30609, 1551, 0, 0
3270, 0, 387, 499, 448, 253, 5.03%, 0, 0, 5, 25.57, 30741, 1551, 0, 0
3275, 0, 387, 500, 449, 253, 5.03%, 0, 0, 5, 24.52, 30863, 1551, 0, 0
3280, 0, 387, 500, 449, 253, 5.03%, 0, 0, 5, 24.48, 30987, 1551, 0, 0
3285, 0, 387, 500, 449, 253, 5.03%, 0, 0, 5, 25.21, 31115, 1551, 0, 0
3290, 0, 387, 500, 449, 253, 5.03%, 0, 0, 5, 25.31, 31247, 1551, 0, 0
3295, 0, 387, 500, 449, 253, 5.03%, 0, 0, 5, 24.54, 31371, 1551, 0, 0
3300, 0, 387, 502, 451, 253, 5.04%, 0, 0, 5, 24.77, 31499, 1552, 0, 0
3305, 0, 387, 503, 452, 253, 5.04%, 0, 0, 5, 25.19, 31628, 1553, 0, 0
3310, 0, 387, 504, 453, 253, 5.04%, 0, 0, 5, 24.94, 31754, 1553, 0, 0
3315, 0, 387, 505, 454, 253, 5.04%, 0, 0, 5, 24.94, 31881, 1554, 0, 0
3321, 0, 387, 505, 454, 253, 5.04%, 0, 0, 5, 25.75, 32012, 1554, 0, 0
3326, 0, 387, 505, 454, 253, 5.04%, 0, 0, 5, 24.66, 32140, 1554, 0, 0
3331, 0, 387, 505, 454, 253, 5.04%, 0, 0, 5, 24.93, 32269, 1554, 0, 0
3336, 0, 387, 505, 454, 253, 5.04%, 0, 0, 5, 24.75, 32394, 1554, 0, 0
3341, 0, 387, 506, 455, 253, 5.04%, 0, 0, 5, 24.72, 32520, 1554, 0, 0
3346, 0, 387, 506, 455, 253, 5.04%, 0, 0, 5, 24.99, 32646, 1554, 0, 0
3351, 0, 387, 507, 456, 253, 5.04%, 0, 0, 5, 24.56, 32774, 1554, 0, 0
3356, 0, 387, 507, 456, 253, 5.04%, 0, 0, 5, 24.17, 32896, 1554, 0, 0
3361, 0, 387, 507, 456, 253, 5.04%, 0, 0, 5, 24.65, 33019, 1554, 0, 0
3366, 0, 385, 507, 454, 260, 5.04%, 0, 0, 5, 24.32, 33142, 1554, 0, 0
3371, 0, 385, 508, 455, 260, 5.05%, 0, 0, 5, 24.11, 33270, 1555, 0, 0
3377, 0, 36, 508, 454, 260, 5.05%, 0, 0, 5, 24.85, 33407, 1555, 0, 0
3382, 0, 407, 508, 452, 258, 5.05%, 0, 0, 5, 25.23, 33535, 1555, 0, 0
3387, 0, 407, 510, 454, 258, 5.05%, 0, 0, 5, 24.90, 33662, 1555, 0, 0
3392, 0, 407, 511, 455, 258, 5.05%, 0, 0, 5, 18.74, 33787, 1555, 0, 0
3397, 0, 37, 511, 454, 256, 5.05%, 0, 0, 5, 22.73, 33919, 1555, 0, 0
3403, 0, 367, 511, 453, 255, 5.05%, 0, 0, 5, 24.44, 34050, 1555, 0, 0
3408, 0, 367, 511, 453, 255, 5.05%, 0, 0, 5, 25.32, 34173, 1555, 0, 0
3413, 0, 509, 512, 453, 254, 5.05%, 0, 0, 5, 25.00, 34298, 1555, 0, 0
3418, 0, 509, 512, 453, 254, 5.05%, 0, 0, 5, 25.32, 34421, 1555, 0, 0
3423, 0, 436, 512, 452, 253, 5.05%, 0, 0, 5, 24.26, 34547, 1555, 0, 0
3428, 0, 436, 512, 452, 253, 5.05%, 0, 0, 5, 23.56, 34662, 1555, 0, 0
3433, 0, 150, 512, 451, 252, 5.05%, 0, 0, 5, 24.34, 34785, 1555, 0, 0
3438, 0, 150, 512, 451, 252, 5.05%, 0, 0, 5, 23.61, 34907, 1555, 0, 0
3444, 0, 150, 512, 451, 252, 5.05%, 0, 0, 5, 23.60, 35030, 1555, 0, 0
3449, 0, 150, 512, 451, 252, 5.05%, 0, 0, 5, 23.72, 35150, 1555, 0, 0
3454, 0, 150, 512, 451, 252, 5.05%, 0, 0, 5, 23.35, 35269, 1555, 0, 0
3459, 0, 325, 512, 450, 251, 5.05%, 0, 0, 5, 23.57, 35392, 1555, 0, 0
3464, 0, 325, 513, 451, 251, 5.05%, 0, 0, 5, 25.01, 35521, 1556, 0, 0
3469, 0, 325, 513, 451, 251, 5.05%, 0, 0, 5, 26.90, 35663, 1556, 0, 0
3474, 0, 325, 513, 451, 251, 5.05%, 0, 0, 5, 27.15, 35800, 1556, 0, 0
3479, 0, 325, 514, 452, 251, 5.05%, 0, 0, 5, 26.93, 35939, 1557, 0, 0
3484, 0, 325, 515, 453, 251, 5.06%, 0, 0, 5, 25.43, 36069, 1558, 0, 0
3489, 0, 325, 515, 453, 251, 5.06%, 0, 0, 5, 24.48, 36192, 1558, 0, 0
3494, 0, 325, 515, 453, 251, 5.06%, 0, 0, 5, 24.37, 36315, 1558, 0, 0
3501, 0, 46, 515, 452, 253, 5.06%, 0, 0, 5, 24.78, 36481, 1558, 0, 0
3506, 0, 250, 515, 451, 252, 5.06%, 0, 0, 5, 24.47, 36605, 1558, 0, 0
3511, 0, 250, 515, 451, 252, 5.06%, 0, 0, 5, 25.36, 36736, 1558, 0, 0
3518, 0, 322, 515, 450, 251, 5.06%, 0, 0, 5, 25.57, 36900, 1558, 0, 0
3523, 0, 421, 515, 449, 250, 5.06%, 0, 0, 5, 24.26, 37021, 1558, 0, 0
3530, 0, 104, 515, 448, 249, 5.06%, 0, 0, 5, 24.26, 37180, 1558, 0, 0
3535, 0, 337, 516, 448, 248, 5.06%, 0, 0, 5, 24.10, 37316, 1559, 0, 0
3540, 0, 337, 518, 450, 248, 5.07%, 0, 0, 5, 24.20, 37434, 1562, 0, 0
3546, 0, 47, 518, 449, 249, 5.07%, 0, 0, 5, 23.76, 37581, 1562, 0, 0
3552, 0, 189, 519, 448, 247, 5.07%, 0, 0, 5, 24.39, 37709, 1562, 0, 0
3558, 0, 185, 519, 447, 246, 5.07%, 0, 0, 5, 24.19, 37869, 1562, 0, 0
3563, 0, 465, 519, 446, 245, 5.07%, 0, 0, 5, 24.50, 37992, 1562, 0, 0
3569, 0, 48, 520, 446, 245, 5.08%, 0, 0, 5, 24.58, 38129, 1564, 0, 0
3574, 0, 497, 520, 445, 244, 5.08%, 0, 0, 5, 25.86, 38261, 1564, 0, 0
3580, 0, 227, 520, 444, 243, 5.08%, 0, 0, 5, 25.54, 38386, 1564, 0, 0
3585, 0, 342, 520, 443, 242, 5.08%, 0, 0, 5, 24.99, 38519, 1564, 0, 0
3590, 0, 342, 521, 444, 242, 5.09%, 0, 0, 5, 24.17, 38634, 1569, 0, 0
3595, 0, 55, 521, 443, 241, 5.09%, 0, 0, 5, 24.38, 38757, 1569, 0, 0
3600, 0, 63, 523, 444, 241, 5.10%, 0, 0, 5, 24.69, 38885, 1570, 0, 0
3606, 0, 64, 525, 445, 241, 5.10%, 0, 0, 5, 24.90, 39019, 1572, 0, 0
3611, 0, 64, 529, 449, 241, 5.13%, 0, 0, 5, 25.95, 39159, 1580, 0, 0
3616, 0, 64, 530, 450, 241, 5.14%, 0, 0, 5, 27.50, 39302, 1583, 0, 0
3621, 0, 64, 530, 450, 241, 5.14%, 0, 0, 5, 25.94, 39431, 1583, 0, 0
3626, 0, 64, 532, 452, 241, 5.15%, 0, 0, 5, 25.61, 39562, 1587, 0, 0
3631, 0, 64, 533, 453, 241, 5.16%, 0, 0, 5, 26.13, 39697, 1589, 0, 0
3636, 0, 64, 534, 454, 241, 5.16%, 0, 0, 5, 25.34, 39826, 1590, 0, 0
3642, 0, 64, 534, 454, 241, 5.16%, 0, 0, 5, 25.41, 39953, 1590, 0, 0
3647, 0, 64, 536, 456, 241, 5.17%, 0, 0, 5, 26.08, 40088, 1592, 0, 0
3652, 0, 64, 536, 456, 241, 5.17%, 0, 0, 5, 25.66, 40219, 1592, 0, 0
3657, 0, 64, 536, 456, 241, 5.17%, 0, 0, 5, 25.15, 40349, 1592, 0, 0
3662, 0, 64, 536, 456, 241, 5.17%, 0, 0, 5, 24.92, 40480, 1592, 0, 0
3667, 0, 64, 536, 456, 241, 5.17%, 0, 0, 5, 24.89, 40603, 1592, 0, 0
3672, 0, 64, 536, 456, 241, 5.17%, 0, 0, 5, 25.41, 40730, 1592, 0, 0
3678, 0, 64, 536, 456, 241, 5.17%, 0, 0, 5, 26.16, 40865, 1592, 0, 0
3683, 0, 64, 536, 456, 241, 5.17%, 0, 0, 5, 25.90, 40998, 1592, 0, 0
3688, 0, 64, 536, 456, 241, 5.17%, 0, 0, 5, 26.41, 41132, 1592, 0, 0
3693, 0, 64, 536, 456, 241, 5.17%, 0, 0, 5, 26.40, 41268, 1592, 0, 0
3698, 0, 64, 537, 457, 241, 5.17%, 0, 0, 5, 26.16, 41402, 1593, 0, 0
3703, 0, 64, 537, 457, 241, 5.17%, 0, 0, 5, 25.37, 41532, 1593, 0, 0
3708, 0, 87, 537, 456, 248, 5.17%, 0, 0, 5, 24.95, 41661, 1593, 0, 0
3713, 0, 428, 537, 455, 247, 5.17%, 0, 0, 5, 24.50, 41783, 1593, 0, 0
3720, 0, 240, 537, 454, 246, 5.17%, 0, 0, 5, 23.83, 41924, 1593, 0, 0
3725, 0, 167, 538, 454, 245, 5.17%, 0, 0, 5, 24.31, 42051, 1593, 0, 0
3730, 0, 398, 539, 454, 244, 5.17%, 0, 0, 5, 24.05, 42175, 1594, 0, 0
3735, 0, 398, 542, 457, 244, 5.18%, 0, 0, 5, 24.66, 42297, 1596, 0, 0
3740, 0, 398, 543, 458, 244, 5.18%, 0, 0, 5, 25.39, 42429, 1597, 0, 0
3745, 0, 398, 544, 459, 244, 5.19%, 0, 0, 5, 25.66, 42559, 1598, 0, 0
3750, 0, 398, 544, 459, 244, 5.19%, 0, 0, 5, 26.02, 42691, 1598, 0, 0
3755, 0, 398, 545, 460, 244, 5.19%, 0, 0, 5, 25.62, 42823, 1599, 0, 0
3760, 0, 398, 545, 460, 244, 5.19%, 0, 0, 5, 25.08, 42950, 1599, 0, 0
3765, 0, 398, 545, 460, 244, 5.19%, 0, 0, 5, 25.45, 43082, 1599, 0, 0
3771, 0, 398, 546, 461, 244, 5.19%, 0, 0, 5, 26.56, 43221, 1600, 0, 0
3776, 0, 398, 546, 461, 244, 5.19%, 0, 0, 5, 25.27, 43349, 1600, 0, 0
3781, 0, 398, 546, 461, 244, 5.19%, 0, 0, 5, 25.62, 43479, 1600, 0, 0
3788, 0, 90, 546, 460, 249, 5.19%, 0, 0, 5, 26.27, 43659, 1600, 0, 0
3793, 0, 150, 546, 459, 248, 5.19%, 0, 0, 5, 25.25, 43785, 1600, 0, 0
3798, 0, 150, 546, 459, 248, 5.19%, 0, 0, 5, 24.13, 43905, 1600, 0, 0
3803, 0, 150, 546, 459, 248, 5.19%, 0, 0, 5, 23.78, 44027, 1600, 0, 0
3808, 0, 150, 546, 459, 248, 5.19%, 0, 0, 5, 23.88, 44150, 1600, 0, 0
3813, 0, 150, 546, 459, 248, 5.19%, 0, 0, 5, 23.61, 44267, 1600, 0, 0
3818, 0, 150, 546, 459, 248, 5.19%, 0, 0, 5, 23.62, 44386, 1600, 0, 0
3823, 0, 389, 546, 459, 248, 5.19%, 0, 0, 5, 23.70, 44507, 1600, 0, 0
3830, 0, 335, 546, 458, 247, 5.19%, 0, 0, 5, 23.67, 44669, 1600, 0, 0
3836, 0, 381, 546, 457, 246, 5.19%, 0, 0, 5, 24.39, 44827, 1600, 0, 0
3841, 0, 381, 546, 457, 246, 5.19%, 0, 0, 5, 24.07, 44944, 1600, 0, 0
3846, 0, 437, 546, 456, 245, 5.19%, 0, 0, 5, 23.34, 45064, 1600, 0, 0
3853, 0, 327, 546, 455, 244, 5.19%, 0, 0, 5, 23.44, 45217, 1600, 0, 0
3858, 0, 199, 546, 454, 243, 5.19%, 0, 0, 5, 23.84, 45338, 1600, 0, 0
3863, 0, 170, 546, 453, 242, 5.19%, 0, 0, 5, 23.27, 45458, 1600, 0, 0
3869, 0, 109, 548, 453, 240, 5.20%, 0, 0, 5, 23.69, 45590, 1603, 0, 0
3874, 0, 109, 558, 463, 240, 5.25%, 0, 0, 5, 24.98, 45726, 1616, 0, 0
3879, 0, 109, 567, 472, 240, 5.31%, 0, 0, 5, 25.76, 45867, 1636, 0, 0
3884, 0, 109, 576, 481, 240, 5.33%, 0, 0, 5, 24.29, 45981, 1643, 0, 0
3889, 0, 109, 586, 491, 240, 5.35%, 0, 0, 5, 25.44, 46116, 1649, 0, 0
3894, 0, 109, 595, 500, 240, 5.38%, 0, 0, 5, 26.46, 46256, 1656, 0, 0
3900, 0, 109, 606, 511, 240, 5.39%, 0, 0, 5, 26.17, 46399, 1662, 0, 0
3905, 0, 109, 617, 522, 240, 5.40%, 0, 0, 5, 25.42, 46533, 1664, 0, 0
3911, 0, 109, 627, 532, 240, 5.41%, 0, 0, 5, 25.57, 46666, 1667, 0, 0
3916, 0, 109, 637, 542, 240, 5.41%, 0, 0, 5, 25.94, 46799, 1668, 0, 0
3921, 0, 109, 647, 552, 240, 5.48%, 0, 0, 5, 26.06, 46932, 1687, 0, 0
3926, 0, 109, 657, 562, 240, 5.52%, 0, 0, 5, 25.36, 47064, 1700, 0, 0
3931, 0, 109, 667, 572, 240, 5.59%, 0, 0, 5, 25.78, 47196, 1721, 0, 0
3936, 0, 91, 671, 576, 305, 5.62%, 0, 0, 5, 24.96, 47323, 1730, 0, 0
3941, 0, 150, 671, 575, 304, 5.62%, 0, 0, 5, 23.31, 47442, 1730, 0, 0
3947, 0, 150, 671, 575, 304, 5.62%, 0, 0, 5, 21.14, 47551, 1730, 0, 0
3952, 0, 150, 671, 575, 304, 5.62%, 0, 0, 5, 20.79, 47654, 1730, 0, 0
3957, 0, 150, 671, 575, 304, 5.62%, 0, 0, 5, 22.32, 47769, 1730, 0, 0
3962, 0, 150, 671, 575, 304, 5.62%, 0, 0, 5, 22.93, 47888, 1730, 0, 0
3967, 0, 150, 671, 575, 304, 5.62%, 0, 0, 5, 22.68, 48003, 1730, 0, 0
3972, 0, 669, 671, 575, 304, 5.62%, 0, 0, 5, 23.46, 48125, 1730, 0, 0
3977, 0, 669, 672, 576, 304, 5.62%, 0, 0, 5, 23.28, 48239, 1731, 0, 0
3983, 0, 92, 672, 575, 304, 5.62%, 0, 0, 5, 23.64, 48365, 1731, 0, 0
3988, 0, 531, 672, 574, 303, 5.62%, 0, 0, 5, 24.05, 48490, 1731, 0, 0
3993, 0, 531, 672, 574, 303, 5.62%, 0, 0, 5, 25.13, 48614, 1731, 0, 0
3998, 0, 353, 672, 573, 302, 5.62%, 0, 0, 5, 25.45, 48752, 1731, 0, 0
4004, 0, 568, 672, 572, 301, 5.62%, 0, 0, 5, 25.10, 48901, 1731, 0, 0
4009, 0, 93, 673, 572, 301, 5.62%, 0, 0, 5, 25.21, 49030, 1732, 0, 0
4015, 0, 158, 673, 571, 300, 5.62%, 0, 0, 5, 24.60, 49156, 1732, 0, 0
4021, 0, 95, 675, 571, 299, 5.62%, 0, 0, 5, 32.53, 49421, 1732, 0, 0
4026, 0, 97, 675, 569, 297, 5.62%, 0, 0, 5, 33.43, 49595, 1732, 0, 0
4032, 0, 536, 675, 568, 296, 5.62%, 0, 0, 5, 28.50, 49735, 1732, 0, 0
4039, 0, 331, 675, 567, 295, 5.62%, 0, 0, 5, 24.75, 49901, 1732, 0, 0
4044, 0, 593, 675, 566, 294, 5.62%, 0, 0, 5, 24.32, 50025, 1732, 0, 0
4050, 0, 348, 675, 565, 293, 5.62%, 0, 0, 5, 23.66, 50169, 1732, 0, 0
4056, 0, 348, 675, 565, 293, 5.62%, 0, 0, 5, 24.18, 50288, 1732, 0, 0
4061, 0, 454, 675, 564, 292, 5.62%, 0, 0, 5, 24.13, 50407, 1732, 0, 0
4066, 0, 580, 675, 563, 291, 5.62%, 0, 0, 5, 23.43, 50520, 1732, 0, 0
4071, 0, 580, 676, 564, 291, 5.62%, 0, 0, 5, 24.55, 50647, 1732, 0, 0
4076, 0, 580, 676, 564, 291, 5.62%, 0, 0, 5, 26.91, 50784, 1732, 0, 0
4081, 0, 516, 676, 563, 290, 5.62%, 0, 0, 5, 25.87, 50911, 1732, 0, 0
4087, 0, 516, 676, 563, 290, 5.62%, 0, 0, 5, 24.14, 51054, 1732, 0, 0
4092, 0, 516, 676, 563, 290, 5.62%, 0, 0, 5, 22.83, 51169, 1732, 0, 0
4097, 0, 645, 676, 562, 289, 5.62%, 0, 0, 5, 23.59, 51293, 1732, 0, 0
4103, 0, 599, 676, 561, 288, 5.62%, 0, 0, 5, 23.60, 51411, 1732, 0, 0
4109, 0, 105, 678, 562, 288, 5.62%, 0, 0, 5, 24.32, 51575, 1732, 0, 0
4114, 0, 346, 678, 561, 287, 5.62%, 0, 0, 5, 24.44, 51698, 1732, 0, 0
4122, 0, 467, 678, 560, 286, 5.62%, 0, 0, 5, 23.62, 51863, 1732, 0, 0
4127, 0, 598, 678, 559, 285, 5.62%, 0, 0, 5, 9.59, 51975, 1732, 0, 0
4132, 0, 598, 678, 559, 285, 5.62%, 0, 0, 5, 15.98, 52083, 1732, 0, 0
4137, 0, 312, 678, 558, 284, 5.62%, 0, 0, 5, 21.87, 52211, 1732, 0, 0
4142, 0, 402, 678, 557, 283, 5.62%, 0, 0, 5, 23.35, 52331, 1732, 0, 0
4147, 0, 340, 678, 556, 282, 5.62%, 0, 0, 5, 23.61, 52448, 1732, 0, 0
4152, 0, 340, 678, 556, 282, 5.62%, 0, 0, 5, 23.35, 52569, 1732, 0, 0
4157, 0, 241, 678, 555, 281, 5.62%, 0, 0, 5, 24.28, 52698, 1732, 0, 0
4163, 0, 107, 679, 554, 279, 5.62%, 0, 0, 5, 24.01, 52851, 1733, 0, 0
4169, 0, 425, 679, 552, 278, 5.62%, 0, 0, 5, 24.11, 52976, 1733, 0, 0
4174, 0, 425, 679, 552, 278, 5.62%, 0, 0, 5, 25.39, 53105, 1733, 0, 0
4179, 0, 425, 679, 552, 278, 5.62%, 0, 0, 5, 18.94, 53222, 1733, 0, 0
4184, 0, 649, 679, 551, 277, 5.62%, 0, 0, 5, 22.53, 53348, 1733, 0, 0
4189, 0, 395, 679, 550, 276, 5.62%, 0, 0, 5, 23.12, 53469, 1733, 0, 0
4194, 0, 395, 679, 550, 276, 5.62%, 0, 0, 5, 23.81, 53585, 1733, 0, 0
4200, 0, 558, 680, 550, 275, 5.63%, 0, 0, 5, 24.40, 53728, 1734, 0, 0
4206, 0, 558, 684, 554, 275, 5.64%, 0, 0, 5, 24.37, 53860, 1738, 0, 0
4211, 0, 558, 688, 558, 275, 5.65%, 0, 0, 5, 24.78, 53989, 1742, 0, 0
4216, 0, 558, 689, 559, 275, 5.66%, 0, 0, 5, 24.59, 54114, 1743, 0, 0
4221, 0, 558, 689, 559, 275, 5.66%, 0, 0, 5, 26.25, 54246, 1743, 0, 0
4226, 0, 558, 689, 559, 275, 5.66%, 0, 0, 5, 24.32, 54371, 1743, 0, 0
4231, 0, 558, 689, 559, 275, 5.66%, 0, 0, 5, 22.33, 54483, 1743, 0, 0
4236, 0, 558, 689, 559, 275, 5.66%, 0, 0, 5, 23.77, 54602, 1743, 0, 0
4241, 0, 125, 689, 558, 280, 5.66%, 0, 0, 5, 24.65, 54732, 1743, 0, 0
4246, 0, 267, 689, 557, 279, 5.66%, 0, 0, 5, 25.17, 54857, 1743, 0, 0
4251, 0, 674, 690, 557, 278, 5.66%, 0, 0, 5, 25.23, 54983, 1743, 0, 0
4257, 0, 127, 690, 556, 278, 5.66%, 0, 0, 5, 24.48, 55122, 1743, 0, 0
4264, 0, 366, 690, 554, 276, 5.66%, 0, 0, 5, 25.17, 55289, 1743, 0, 0
4269, 0, 366, 690, 554, 276, 5.66%, 0, 0, 5, 25.44, 55415, 1743, 0, 0
4274, 0, 503, 690, 553, 275, 5.66%, 0, 0, 5, 25.97, 55542, 1743, 0, 0
4279, 0, 220, 690, 552, 274, 5.66%, 0, 0, 5, 24.64, 55660, 1743, 0, 0
4285, 0, 397, 690, 551, 273, 5.66%, 0, 0, 5, 24.71, 55790, 1743, 0, 0
4290, 0, 151, 690, 550, 272, 5.66%, 0, 0, 5, 23.41, 55900, 1743, 0, 0
4295, 0, 128, 690, 549, 271, 5.66%, 0, 0, 5, 23.68, 56023, 1743, 0, 0
4301, 0, 426, 690, 547, 269, 5.66%, 0, 0, 5, 24.50, 56178, 1743, 0, 0
4306, 0, 172, 690, 546, 268, 5.66%, 0, 0, 5, 23.99, 56303, 1743, 0, 0
4312, 0, 173, 690, 545, 267, 5.66%, 0, 0, 5, 23.87, 56428, 1743, 0, 0
4317, 0, 129, 690, 544, 266, 5.66%, 0, 0, 5, 24.78, 56557, 1743, 0, 0
4322, 0, 667, 690, 543, 265, 5.66%, 0, 0, 5, 24.48, 56682, 1743, 0, 0
4327, 0, 193, 690, 542, 264, 5.66%, 0, 0, 5, 23.31, 56795, 1743, 0, 0
4332, 0, 668, 690, 540, 262, 5.66%, 0, 0, 5, 23.37, 56917, 1743, 0, 0
4337, 0, 668, 691, 541, 262, 5.66%, 0, 0, 5, 23.13, 57038, 1744, 0, 0
4343, 0, 140, 691, 540, 262, 5.66%, 0, 0, 5, 24.59, 57165, 1744, 0, 0
4348, 0, 364, 691, 539, 261, 5.66%, 0, 0, 5, 25.78, 57293, 1744, 0, 0
4354, 0, 546, 691, 538, 260, 5.66%, 0, 0, 5, 25.05, 57450, 1744, 0, 0
4360, 0, 181, 691, 537, 259, 5.66%, 0, 0, 5, 24.20, 57598, 1744, 0, 0
4365, 0, 512, 691, 536, 258, 5.66%, 0, 0, 5, 24.23, 57721, 1744, 0, 0
4371, 0, 271, 691, 535, 257, 5.66%, 0, 0, 5, 24.54, 57858, 1744, 0, 0
4376, 0, 529, 692, 535, 256, 5.66%, 0, 0, 5, 25.08, 57986, 1744, 0, 0
4381, 0, 141, 692, 534, 255, 5.66%, 0, 0, 5, 24.16, 58099, 1744, 0, 0
4386, 0, 664, 692, 533, 254, 5.66%, 0, 0, 5, 24.36, 58228, 1744, 0, 0
4392, 0, 142, 693, 533, 254, 5.67%, 0, 0, 5, 24.69, 58351, 1747, 0, 0
4397, 0, 424, 693, 532, 253, 5.67%, 0, 0, 5, 23.52, 58470, 1747, 0, 0
4403, 0, 404, 693, 531, 252, 5.67%, 0, 0, 5, 23.50, 58618, 1747, 0, 0
4408, 0, 404, 693, 531, 252, 5.67%, 0, 0, 5, 24.16, 58738, 1747, 0, 0
4413, 0, 539, 693, 530, 251, 5.67%, 0, 0, 5, 24.94, 58863, 1747, 0, 0
4418, 0, 665, 693, 529, 250, 5.67%, 0, 0, 5, 24.63, 58984, 1747, 0, 0
4424, 0, 164, 693, 528, 249, 5.67%, 0, 0, 5, 24.07, 59108, 1747, 0, 0
4429, 0, 174, 693, 527, 248, 5.67%, 0, 0, 5, 23.76, 59227, 1747, 0, 0
4434, 0, 532, 693, 526, 247, 5.67%, 0, 0, 5, 23.97, 59350, 1747, 0, 0
4439, 0, 188, 693, 525, 246, 5.67%, 0, 0, 5, 23.40, 59480, 1747, 0, 0
4445, 0, 369, 693, 524, 245, 5.67%, 0, 0, 5, 24.42, 59611, 1747, 0, 0
4452, 0, 489, 693, 523, 244, 5.67%, 0, 0, 5, 26.11, 59785, 1747, 0, 0
4458, 0, 657, 693, 522, 243, 5.67%, 0, 0, 5, 22.46, 59927, 1747, 0, 0
4463, 0, 556, 693, 521, 242, 5.67%, 0, 0, 5, 23.37, 60047, 1747, 0, 0
4468, 0, 556, 693, 521, 242, 5.67%, 0, 0, 5, 23.86, 60169, 1747, 0, 0
4473, 0, 165, 693, 519, 240, 5.67%, 0, 0, 5, 24.76, 60296, 1747, 0, 0
4479, 0, 272, 693, 518, 239, 5.67%, 0, 0, 5, 25.38, 60451, 1747, 0, 0
4485, 0, 655, 693, 517, 238, 5.67%, 0, 0, 5, 24.13, 60573, 1747, 0, 0
4490, 0, 210, 693, 516, 237, 5.67%, 0, 0, 5, 23.49, 60701, 1747, 0, 0
4495, 0, 528, 694, 516, 236, 5.67%, 0, 0, 5, 24.29, 60827, 1748, 0, 0
4500, 0, 153, 694, 515, 236, 5.67%, 0, 0, 5, 24.12, 60945, 1748, 0, 0
4506, 0, 156, 694, 513, 234, 5.67%, 0, 0, 5, 23.26, 61070, 1748, 0, 0
4511, 0, 244, 694, 512, 233, 5.67%, 0, 0, 5, 23.77, 61194, 1748, 0, 0
4518, 0, 339, 694, 510, 231, 5.67%, 0, 0, 5, 24.07, 61371, 1748, 0, 0
4523, 0, 339, 694, 510, 231, 5.67%, 0, 0, 5, 24.14, 61492, 1748, 0, 0
4530, 0, 438, 694, 508, 229, 5.67%, 0, 0, 5, 24.41, 61663, 1748, 0, 0
4536, 0, 438, 696, 510, 229, 5.67%, 0, 0, 6, 23.86, 61785, 1748, 0, 0
4541, 0, 438, 696, 510, 229, 5.67%, 0, 0, 6, 24.22, 61913, 1748, 0, 0
4546, 0, 159, 696, 508, 228, 5.67%, 0, 0, 6, 24.47, 62038, 1748, 0, 0
4551, 0, 673, 696, 506, 226, 5.67%, 0, 0, 6, 24.12, 62163, 1748, 0, 0
4556, 0, 673, 696, 506, 226, 5.67%, 0, 0, 6, 23.30, 62279, 1748, 0, 0
4561, 0, 673, 696, 506, 226, 5.67%, 0, 0, 6, 23.93, 62401, 1748, 0, 0
4568, 0, 393, 697, 506, 225, 5.67%, 0, 0, 6, 25.21, 62561, 1748, 0, 0
4573, 0, 393, 697, 506, 225, 5.67%, 0, 0, 6, 24.36, 62682, 1748, 0, 0
4578, 0, 356, 697, 505, 224, 5.67%, 0, 0, 6, 24.98, 62811, 1748, 0, 0
4583, 0, 266, 697, 504, 223, 5.67%, 0, 0, 6, 24.31, 62936, 1748, 0, 0
4589, 0, 616, 697, 503, 222, 5.67%, 0, 0, 6, 24.27, 63073, 1748, 0, 0
4595, 0, 687, 697, 502, 221, 5.67%, 0, 0, 6, 24.56, 63211, 1748, 0, 0
4600, 0, 521, 697, 501, 220, 5.67%, 0, 0, 6, 23.77, 63326, 1748, 0, 0
4606, 0, 521, 697, 501, 220, 5.67%, 0, 0, 6, 23.81, 63491, 1748, 0, 0
4612, 0, 521, 697, 501, 220, 5.67%, 0, 0, 6, 25.39, 63620, 1748, 0, 0
4617, 0, 521, 697, 501, 220, 5.67%, 0, 0, 6, 26.39, 63755, 1748, 0, 0
4622, 0, 521, 697, 501, 220, 5.67%, 0, 0, 6, 27.31, 63897, 1748, 0, 0
4627, 0, 521, 697, 501, 220, 5.67%, 0, 0, 6, 25.73, 64023, 1748, 0, 0
4633, 0, 191, 697, 500, 219, 5.67%, 0, 0, 6, 24.97, 64164, 1748, 0, 0
4638, 0, 200, 697, 499, 218, 5.67%, 0, 0, 6, 24.53, 64290, 1748, 0, 0
4643, 0, 345, 697, 497, 216, 5.67%, 0, 0, 6, 24.32, 64414, 1748, 0, 0
4648, 0, 345, 697, 497, 216, 5.67%, 0, 0, 6, 24.15, 64529, 1748, 0, 0
4654, 0, 278, 697, 496, 215, 5.67%, 0, 0, 6, 24.11, 64669, 1748, 0, 0
4659, 0, 376, 697, 495, 214, 5.67%, 0, 0, 6, 24.13, 64797, 1748, 0, 0
4666, 0, 328, 697, 494, 213, 5.67%, 0, 0, 6, 24.20, 64960, 1748, 0, 0
4671, 0, 236, 697, 493, 212, 5.67%, 0, 0, 6, 24.21, 65085, 1748, 0, 0
4676, 0, 656, 697, 492, 211, 5.67%, 0, 0, 6, 24.17, 65208, 1748, 0, 0
4682, 0, 232, 697, 491, 210, 5.67%, 0, 0, 6, 23.70, 65351, 1748, 0, 0
4687, 0, 609, 697, 490, 209, 5.67%, 0, 0, 6, 23.68, 65473, 1748, 0, 0
4693, 0, 504, 697, 489, 208, 5.67%, 0, 0, 6, 21.07, 65590, 1748, 0, 0
4698, 0, 648, 697, 488, 207, 5.67%, 0, 0, 6, 23.34, 65731, 1748, 0, 0
4705, 0, 433, 697, 487, 206, 5.67%, 0, 0, 6, 23.88, 65883, 1748, 0, 0
4710, 0, 433, 697, 487, 206, 5.67%, 0, 0, 6, 23.75, 66001, 1748, 0, 0
4717, 0, 579, 697, 485, 204, 5.67%, 0, 0, 6, 23.58, 66169, 1748, 0, 0
4724, 0, 333, 698, 485, 203, 5.68%, 0, 0, 6, 24.13, 66342, 1749, 0, 0
4729, 0, 178, 698, 484, 203, 5.68%, 0, 0, 6, 24.21, 66465, 1749, 0, 0
4734, 0, 607, 699, 484, 202, 5.68%, 0, 0, 6, 24.48, 66590, 1749, 0, 0
4740, 0, 535, 699, 483, 201, 5.68%, 0, 0, 6, 25.09, 66720, 1749, 0, 0
4746, 0, 213, 699, 482, 200, 5.68%, 0, 0, 6, 24.04, 66878, 1749, 0, 0
4751, 0, 514, 699, 481, 199, 5.68%, 0, 0, 6, 23.87, 67001, 1749, 0, 0
4757, 0, 626, 699, 480, 198, 5.68%, 0, 0, 6, 23.47, 67119, 1749, 0, 0
4763, 0, 626, 699, 480, 198, 5.68%, 0, 0, 6, 23.68, 67266, 1749, 0, 0
4768, 0, 626, 699, 480, 198, 5.68%, 0, 0, 6, 25.73, 67400, 1749, 0, 0
4774, 0, 502, 699, 479, 197, 5.68%, 0, 0, 6, 11.02, 67535, 1749, 0, 0
4780, 0, 326, 700, 479, 196, 5.68%, 0, 0, 6, 20.62, 67696, 1749, 0, 0
4786, 0, 179, 700, 478, 196, 5.68%, 0, 0, 6, 23.59, 67834, 1749, 0, 0
4791, 0, 315, 700, 476, 194, 5.68%, 0, 0, 6, 24.42, 67958, 1749, 0, 0
4798, 0, 423, 700, 475, 193, 5.68%, 0, 0, 6, 24.19, 68134, 1749, 0, 0
4803, 0, 423, 700, 475, 193, 5.68%, 0, 0, 6, 11.46, 68250, 1749, 0, 0
4810, 0, 288, 700, 473, 191, 5.68%, 0, 0, 6, 18.96, 68417, 1749, 0, 0
4815, 0, 338, 700, 472, 190, 5.68%, 0, 0, 6, 23.66, 68551, 1749, 0, 0
4822, 0, 681, 700, 471, 189, 5.68%, 0, 0, 6, 24.63, 68710, 1749, 0, 0
4828, 0, 284, 700, 470, 188, 5.68%, 0, 0, 6, 24.05, 68853, 1749, 0, 0
4833, 0, 405, 700, 469, 187, 5.68%, 0, 0, 6, 24.60, 68979, 1749, 0, 0
4839, 0, 184, 700, 468, 186, 5.68%, 0, 0, 6, 24.50, 69122, 1749, 0, 0
4844, 0, 478, 701, 468, 185, 5.68%, 0, 0, 6, 24.53, 69255, 1750, 0, 0
4849, 0, 180, 701, 467, 185, 5.68%, 0, 0, 6, 24.67, 69377, 1750, 0, 0
4854, 0, 640, 702, 467, 184, 5.68%, 0, 0, 6, 25.26, 69509, 1751, 0, 0
4860, 0, 187, 703, 467, 185, 5.69%, 0, 0, 6, 24.36, 69639, 1752, 0, 0
4865, 0, 524, 703, 466, 184, 5.69%, 0, 0, 6, 24.23, 69759, 1752, 0, 0
4871, 0, 475, 703, 465, 183, 5.69%, 0, 0, 6, 24.48, 69924, 1752, 0, 0
4876, 0, 660, 703, 464, 182, 5.69%, 0, 0, 6, 23.82, 70038, 1752, 0, 0
4883, 0, 660, 703, 464, 182, 5.69%, 0, 0, 6, 23.60, 70186, 1752, 0, 0
4888, 0, 660, 703, 464, 182, 5.69%, 0, 0, 6, 25.83, 70319, 1752, 0, 0
4889, 0, 660, 703, 464, 182, 5.69%, 0, 0, 6, 0.00, 70364, 1752, 0, 0
