# relative_time, cycles_done, cur_item, corpus_count, pending_total, pending_favs, map_size, saved_crashes, saved_hangs, max_depth, execs_per_sec, total_execs, edges_found, total_crashes, servers_count
60, 0, 2, 162, 158, 44, 2.78%, 0, 0, 2, 5.59, 2108, 857, 0, 0
65, 0, 2, 164, 160, 44, 2.79%, 0, 0, 2, 5.57, 2136, 861, 0, 0
70, 0, 2, 166, 162, 44, 2.80%, 0, 0, 2, 5.59, 2166, 864, 0, 0
75, 0, 2, 166, 162, 44, 2.80%, 0, 0, 2, 5.30, 2193, 864, 0, 0
80, 0, 2, 167, 163, 44, 2.81%, 0, 0, 2, 5.45, 2222, 866, 0, 0
86, 0, 2, 167, 163, 44, 2.81%, 0, 0, 2, 5.62, 2252, 866, 0, 0
91, 0, 2, 169, 165, 44, 2.85%, 0, 0, 2, 5.63, 2283, 877, 0, 0
97, 0, 2, 171, 167, 44, 2.86%, 0, 0, 2, 5.63, 2317, 880, 0, 0
103, 0, 2, 173, 169, 44, 2.88%, 0, 0, 2, 5.63, 2350, 886, 0, 0
109, 0, 2, 175, 171, 44, 2.89%, 0, 0, 2, 5.64, 2385, 891, 0, 0
115, 0, 2, 175, 171, 44, 2.89%, 0, 0, 2, 5.62, 2415, 891, 0, 0
120, 0, 2, 175, 171, 44, 2.89%, 0, 0, 2, 5.63, 2444, 891, 0, 0
126, 0, 2, 177, 173, 44, 2.91%, 0, 0, 2, 5.63, 2482, 897, 0, 0
132, 0, 2, 178, 174, 44, 2.95%, 0, 0, 2, 5.66, 2511, 908, 0, 0
139, 0, 2, 181, 177, 44, 2.96%, 0, 0, 2, 5.66, 2552, 912, 0, 0
144, 0, 2, 182, 178, 44, 2.96%, 0, 0, 2, 5.69, 2582, 913, 0, 0
149, 0, 2, 182, 178, 44, 2.96%, 0, 0, 2, 5.71, 2612, 913, 0, 0
155, 0, 2, 182, 178, 44, 2.96%, 0, 0, 2, 5.69, 2642, 913, 0, 0
160, 0, 2, 183, 179, 44, 2.99%, 0, 0, 2, 5.66, 2671, 920, 0, 0
165, 0, 2, 184, 180, 44, 2.99%, 0, 0, 2, 5.67, 2700, 922, 0, 0
170, 0, 2, 185, 181, 44, 3.00%, 0, 0, 2, 5.60, 2728, 924, 0, 0
175, 0, 2, 185, 181, 44, 3.00%, 0, 0, 2, 5.44, 2756, 924, 0, 0
180, 0, 2, 185, 181, 44, 3.00%, 0, 0, 2, 5.59, 2786, 924, 0, 0
186, 0, 2, 185, 181, 44, 3.00%, 0, 0, 2, 5.66, 2816, 924, 0, 0
191, 0, 2, 185, 181, 44, 3.00%, 0, 0, 2, 5.65, 2846, 924, 0, 0
196, 0, 2, 185, 181, 44, 3.00%, 0, 0, 2, 5.69, 2876, 924, 0, 0
201, 0, 2, 185, 181, 44, 3.00%, 0, 0, 2, 5.76, 2906, 924, 0, 0
207, 0, 2, 185, 181, 44, 3.00%, 0, 0, 2, 5.75, 2936, 924, 0, 0
212, 0, 2, 185, 181, 44, 3.00%, 0, 0, 2, 5.66, 2966, 924, 0, 0
217, 0, 2, 185, 181, 44, 3.00%, 0, 0, 2, 5.68, 2996, 924, 0, 0
222, 0, 2, 185, 181, 44, 3.00%, 0, 0, 2, 5.68, 3025, 924, 0, 0
228, 0, 2, 185, 181, 44, 3.00%, 0, 0, 2, 5.73, 3055, 924, 0, 0
233, 0, 2, 185, 181, 44, 3.00%, 0, 0, 2, 5.68, 3085, 924, 0, 0
238, 0, 2, 185, 181, 44, 3.00%, 0, 0, 2, 5.57, 3114, 924, 0, 0
243, 0, 2, 185, 181, 44, 3.00%, 0, 0, 2, 5.65, 3144, 924, 0, 0
249, 0, 2, 185, 181, 44, 3.00%, 0, 0, 2, 5.68, 3174, 924, 0, 0
254, 0, 2, 185, 181, 44, 3.00%, 0, 0, 2, 5.62, 3202, 924, 0, 0
259, 0, 2, 187, 183, 44, 3.01%, 0, 0, 2, 5.62, 3231, 926, 0, 0
266, 0, 2, 190, 186, 44, 3.02%, 0, 0, 2, 5.61, 3272, 930, 0, 0
272, 0, 2, 190, 186, 44, 3.02%, 0, 0, 2, 5.61, 3302, 930, 0, 0
277, 0, 2, 190, 186, 44, 3.02%, 0, 0, 2, 5.66, 3332, 930, 0, 0
282, 0, 2, 190, 186, 44, 3.02%, 0, 0, 2, 5.64, 3362, 930, 0, 0
287, 0, 2, 190, 186, 44, 3.02%, 0, 0, 2, 5.58, 3390, 930, 0, 0
293, 0, 2, 190, 186, 44, 3.02%, 0, 0, 2, 5.40, 3418, 930, 0, 0
298, 0, 2, 190, 186, 44, 3.02%, 0, 0, 2, 5.45, 3447, 930, 0, 0
303, 0, 2, 190, 186, 44, 3.02%, 0, 0, 2, 5.50, 3476, 930, 0, 0
309, 0, 2, 191, 187, 44, 3.02%, 0, 0, 2, 5.57, 3509, 931, 0, 0
314, 0, 2, 191, 187, 44, 3.02%, 0, 0, 2, 5.56, 3538, 931, 0, 0
320, 0, 2, 191, 187, 44, 3.02%, 0, 0, 2, 5.64, 3568, 931, 0, 0
325, 0, 2, 191, 187, 44, 3.02%, 0, 0, 2, 5.73, 3598, 931, 0, 0
330, 0, 2, 191, 187, 44, 3.02%, 0, 0, 2, 5.72, 3628, 931, 0, 0
335, 0, 2, 191, 187, 44, 3.02%, 0, 0, 2, 5.70, 3658, 931, 0, 0
341, 0, 2, 191, 187, 44, 3.02%, 0, 0, 2, 5.69, 3688, 931, 0, 0
346, 0, 2, 191, 187, 44, 3.02%, 0, 0, 2, 5.69, 3718, 931, 0, 0
351, 0, 2, 191, 187, 44, 3.02%, 0, 0, 2, 5.64, 3746, 931, 0, 0
356, 0, 2, 191, 187, 44, 3.02%, 0, 0, 2, 5.47, 3774, 931, 0, 0
361, 0, 2, 191, 187, 44, 3.02%, 0, 0, 2, 5.57, 3804, 931, 0, 0
367, 0, 2, 191, 187, 44, 3.02%, 0, 0, 2, 5.64, 3834, 931, 0, 0
372, 0, 2, 191, 187, 44, 3.02%, 0, 0, 2, 5.61, 3862, 931, 0, 0
377, 0, 2, 191, 187, 44, 3.02%, 0, 0, 2, 5.58, 3891, 931, 0, 0
382, 0, 2, 191, 187, 44, 3.02%, 0, 0, 2, 5.51, 3919, 931, 0, 0
387, 0, 2, 191, 187, 44, 3.02%, 0, 0, 2, 5.57, 3947, 931, 0, 0
392, 0, 2, 191, 187, 44, 3.02%, 0, 0, 2, 5.58, 3975, 931, 0, 0
397, 0, 2, 191, 187, 44, 3.02%, 0, 0, 2, 5.59, 4003, 931, 0, 0
402, 0, 2, 192, 188, 44, 3.03%, 0, 0, 2, 5.62, 4033, 932, 0, 0
408, 0, 2, 192, 188, 44, 3.03%, 0, 0, 2, 5.64, 4063, 932, 0, 0
413, 0, 2, 192, 188, 44, 3.03%, 0, 0, 2, 5.61, 4093, 932, 0, 0
418, 0, 2, 192, 188, 44, 3.03%, 0, 0, 2, 5.59, 4122, 932, 0, 0
424, 0, 2, 192, 188, 44, 3.03%, 0, 0, 2, 5.63, 4152, 932, 0, 0
429, 0, 2, 192, 188, 44, 3.03%, 0, 0, 2, 5.66, 4182, 932, 0, 0
434, 0, 2, 192, 188, 44, 3.03%, 0, 0, 2, 5.67, 4212, 932, 0, 0
439, 0, 2, 192, 188, 44, 3.03%, 0, 0, 2, 5.58, 4240, 932, 0, 0
445, 0, 2, 192, 188, 44, 3.03%, 0, 0, 2, 5.62, 4270, 932, 0, 0
450, 0, 2, 192, 188, 44, 3.03%, 0, 0, 2, 5.67, 4300, 932, 0, 0
455, 0, 2, 192, 188, 44, 3.03%, 0, 0, 2, 5.67, 4330, 932, 0, 0
460, 0, 2, 193, 189, 44, 3.03%, 0, 0, 2, 5.62, 4359, 934, 0, 0
466, 0, 2, 193, 189, 44, 3.03%, 0, 0, 2, 5.61, 4389, 934, 0, 0
471, 0, 2, 193, 189, 44, 3.03%, 0, 0, 2, 5.58, 4419, 934, 0, 0
476, 0, 2, 193, 189, 44, 3.03%, 0, 0, 2, 5.49, 4447, 934, 0, 0
481, 0, 2, 193, 189, 44, 3.03%, 0, 0, 2, 5.61, 4477, 934, 0, 0
487, 0, 2, 193, 189, 44, 3.03%, 0, 0, 2, 5.68, 4507, 934, 0, 0
492, 0, 2, 193, 189, 44, 3.03%, 0, 0, 2, 5.68, 4537, 934, 0, 0
497, 0, 2, 194, 190, 44, 3.04%, 0, 0, 2, 5.60, 4565, 936, 0, 0
503, 0, 2, 195, 191, 44, 3.04%, 0, 0, 2, 5.59, 4595, 937, 0, 0
508, 0, 2, 196, 192, 44, 3.05%, 0, 0, 2, 5.46, 4623, 939, 0, 0
513, 0, 2, 197, 193, 44, 3.05%, 0, 0, 2, 5.56, 4651, 940, 0, 0
518, 0, 2, 197, 193, 44, 3.05%, 0, 0, 2, 5.64, 4681, 940, 0, 0
523, 0, 2, 197, 193, 44, 3.05%, 0, 0, 2, 5.68, 4711, 940, 0, 0
528, 0, 2, 197, 193, 44, 3.05%, 0, 0, 2, 5.62, 4739, 940, 0, 0
533, 0, 2, 197, 193, 44, 3.05%, 0, 0, 2, 5.59, 4768, 940, 0, 0
539, 0, 2, 197, 193, 44, 3.05%, 0, 0, 2, 5.63, 4797, 940, 0, 0
544, 0, 2, 197, 193, 44, 3.05%, 0, 0, 2, 5.67, 4827, 940, 0, 0
549, 0, 2, 197, 193, 44, 3.05%, 0, 0, 2, 5.70, 4857, 940, 0, 0
554, 0, 2, 197, 193, 44, 3.05%, 0, 0, 2, 5.67, 4887, 940, 0, 0
560, 0, 2, 197, 193, 44, 3.05%, 0, 0, 2, 5.79, 4917, 940, 0, 0
565, 0, 2, 197, 193, 44, 3.05%, 0, 0, 2, 5.74, 4947, 940, 0, 0
570, 0, 2, 197, 193, 44, 3.05%, 0, 0, 2, 5.76, 4977, 940, 0, 0
575, 0, 2, 197, 193, 44, 3.05%, 0, 0, 2, 5.75, 5007, 940, 0, 0
580, 0, 2, 197, 193, 44, 3.05%, 0, 0, 2, 5.65, 5035, 940, 0, 0
585, 0, 2, 197, 193, 44, 3.05%, 0, 0, 2, 5.56, 5063, 940, 0, 0
590, 0, 2, 197, 193, 44, 3.05%, 0, 0, 2, 5.45, 5091, 940, 0, 0
596, 0, 2, 198, 194, 44, 3.07%, 0, 0, 2, 5.36, 5121, 945, 0, 0
601, 0, 2, 199, 195, 44, 3.07%, 0, 0, 2, 5.46, 5150, 946, 0, 0
607, 0, 2, 200, 196, 44, 3.08%, 0, 0, 2, 5.48, 5182, 949, 0, 0
612, 0, 2, 202, 198, 44, 3.09%, 0, 0, 2, 5.50, 5210, 952, 0, 0
617, 0, 2, 202, 198, 44, 3.09%, 0, 0, 2, 5.54, 5238, 952, 0, 0
622, 0, 2, 203, 199, 44, 3.10%, 0, 0, 2, 5.53, 5267, 954, 0, 0
628, 0, 2, 203, 199, 44, 3.10%, 0, 0, 2, 5.62, 5297, 954, 0, 0
633, 0, 2, 203, 199, 44, 3.10%, 0, 0, 2, 5.52, 5326, 954, 0, 0
638, 0, 2, 203, 199, 44, 3.10%, 0, 0, 2, 5.61, 5356, 954, 0, 0
644, 0, 2, 203, 199, 44, 3.10%, 0, 0, 2, 5.62, 5386, 954, 0, 0
649, 0, 2, 203, 199, 44, 3.10%, 0, 0, 2, 5.60, 5414, 954, 0, 0
654, 0, 2, 203, 199, 44, 3.10%, 0, 0, 2, 5.35, 5442, 954, 0, 0
659, 0, 2, 203, 199, 44, 3.10%, 0, 0, 2, 5.47, 5470, 954, 0, 0
664, 0, 2, 203, 199, 44, 3.10%, 0, 0, 2, 5.53, 5498, 954, 0, 0
669, 0, 2, 203, 199, 44, 3.10%, 0, 0, 2, 5.57, 5528, 954, 0, 0
674, 0, 2, 203, 199, 44, 3.10%, 0, 0, 2, 5.54, 5556, 954, 0, 0
680, 0, 2, 203, 199, 44, 3.10%, 0, 0, 2, 5.54, 5585, 954, 0, 0
685, 0, 2, 203, 199, 44, 3.10%, 0, 0, 2, 5.63, 5615, 954, 0, 0
690, 0, 2, 203, 199, 44, 3.10%, 0, 0, 2, 5.56, 5643, 954, 0, 0
695, 0, 2, 203, 199, 44, 3.10%, 0, 0, 2, 5.43, 5671, 954, 0, 0
701, 0, 2, 203, 199, 44, 3.10%, 0, 0, 2, 5.47, 5699, 954, 0, 0
706, 0, 2, 203, 199, 44, 3.10%, 0, 0, 2, 5.58, 5729, 954, 0, 0
711, 0, 2, 203, 199, 44, 3.10%, 0, 0, 2, 5.45, 5757, 954, 0, 0
716, 0, 2, 203, 199, 44, 3.10%, 0, 0, 2, 5.50, 5786, 954, 0, 0
721, 0, 2, 203, 199, 44, 3.10%, 0, 0, 2, 5.55, 5814, 954, 0, 0
727, 0, 2, 203, 199, 44, 3.10%, 0, 0, 2, 5.59, 5844, 954, 0, 0
732, 0, 2, 203, 199, 44, 3.10%, 0, 0, 2, 5.58, 5872, 954, 0, 0
737, 0, 2, 203, 199, 44, 3.10%, 0, 0, 2, 5.62, 5901, 954, 0, 0
742, 0, 2, 203, 199, 44, 3.10%, 0, 0, 2, 5.66, 5931, 954, 0, 0
748, 0, 2, 203, 199, 44, 3.10%, 0, 0, 2, 5.65, 5961, 954, 0, 0
753, 0, 2, 203, 199, 44, 3.10%, 0, 0, 2, 5.63, 5991, 954, 0, 0
758, 0, 2, 203, 199, 44, 3.10%, 0, 0, 2, 5.67, 6021, 954, 0, 0
763, 0, 2, 203, 199, 44, 3.10%, 0, 0, 2, 5.61, 6050, 954, 0, 0
768, 0, 2, 203, 199, 44, 3.10%, 0, 0, 2, 5.57, 6078, 954, 0, 0
774, 0, 2, 203, 199, 44, 3.10%, 0, 0, 2, 5.46, 6106, 954, 0, 0
779, 0, 2, 203, 199, 44, 3.10%, 0, 0, 2, 5.64, 6136, 954, 0, 0
784, 0, 2, 203, 199, 44, 3.10%, 0, 0, 2, 5.67, 6166, 954, 0, 0
789, 0, 2, 203, 199, 44, 3.10%, 0, 0, 2, 5.66, 6195, 954, 0, 0
795, 0, 2, 203, 199, 44, 3.10%, 0, 0, 2, 5.65, 6225, 954, 0, 0
800, 0, 2, 203, 199, 44, 3.10%, 0, 0, 2, 5.61, 6255, 954, 0, 0
805, 0, 2, 203, 199, 44, 3.10%, 0, 0, 2, 5.58, 6283, 954, 0, 0
810, 0, 2, 203, 199, 44, 3.10%, 0, 0, 2, 5.52, 6311, 954, 0, 0
815, 0, 2, 203, 199, 44, 3.10%, 0, 0, 2, 5.56, 6339, 954, 0, 0
820, 0, 2, 203, 199, 44, 3.10%, 0, 0, 2, 5.61, 6369, 954, 0, 0
826, 0, 2, 203, 199, 44, 3.10%, 0, 0, 2, 5.65, 6399, 954, 0, 0
831, 0, 2, 203, 199, 44, 3.10%, 0, 0, 2, 5.62, 6427, 954, 0, 0
836, 0, 2, 203, 199, 44, 3.10%, 0, 0, 2, 5.42, 6455, 954, 0, 0
841, 0, 2, 203, 199, 44, 3.10%, 0, 0, 2, 5.53, 6484, 954, 0, 0
846, 0, 2, 203, 199, 44, 3.10%, 0, 0, 2, 5.39, 6511, 954, 0, 0
851, 0, 2, 203, 199, 44, 3.10%, 0, 0, 2, 5.29, 6538, 954, 0, 0
856, 0, 2, 203, 199, 44, 3.10%, 0, 0, 2, 5.45, 6567, 954, 0, 0
862, 0, 2, 203, 199, 44, 3.10%, 0, 0, 2, 4.97, 6592, 954, 0, 0
867, 0, 2, 203, 199, 44, 3.10%, 0, 0, 2, 4.86, 6618, 954, 0, 0
872, 0, 2, 203, 199, 44, 3.10%, 0, 0, 2, 4.82, 6644, 954, 0, 0
877, 0, 2, 203, 199, 44, 3.10%, 0, 0, 2, 4.96, 6670, 954, 0, 0
883, 0, 2, 203, 199, 44, 3.10%, 0, 0, 2, 4.88, 6696, 954, 0, 0
888, 0, 2, 203, 199, 44, 3.10%, 0, 0, 2, 4.83, 6721, 954, 0, 0
893, 0, 2, 203, 199, 44, 3.10%, 0, 0, 2, 4.83, 6747, 954, 0, 0
898, 0, 2, 203, 199, 44, 3.10%, 0, 0, 2, 4.81, 6772, 954, 0, 0
904, 0, 2, 203, 199, 44, 3.10%, 0, 0, 2, 4.83, 6797, 954, 0, 0
909, 0, 2, 203, 199, 44, 3.10%, 0, 0, 2, 4.83, 6822, 954, 0, 0
914, 0, 2, 203, 199, 44, 3.10%, 0, 0, 2, 4.87, 6847, 954, 0, 0
919, 0, 2, 203, 199, 44, 3.10%, 0, 0, 2, 4.80, 6872, 954, 0, 0
924, 0, 2, 203, 199, 44, 3.10%, 0, 0, 2, 4.77, 6897, 954, 0, 0
929, 0, 2, 203, 199, 44, 3.10%, 0, 0, 2, 4.74, 6921, 954, 0, 0
934, 0, 2, 203, 199, 44, 3.10%, 0, 0, 2, 4.79, 6946, 954, 0, 0
940, 0, 2, 203, 199, 44, 3.10%, 0, 0, 2, 4.78, 6971, 954, 0, 0
945, 0, 2, 203, 199, 44, 3.10%, 0, 0, 2, 4.80, 6996, 954, 0, 0
951, 0, 6, 203, 198, 89, 3.10%, 0, 0, 2, 4.85, 7028, 954, 0, 0
956, 0, 6, 204, 199, 89, 3.10%, 0, 0, 2, 4.87, 7052, 956, 0, 0
962, 0, 7, 204, 198, 89, 3.10%, 0, 0, 2, 4.98, 7083, 956, 0, 0
969, 0, 170, 204, 197, 88, 3.10%, 0, 0, 2, 4.92, 7115, 956, 0, 0
974, 0, 170, 204, 197, 88, 3.10%, 0, 0, 2, 4.81, 7139, 956, 0, 0
979, 0, 170, 204, 197, 88, 3.10%, 0, 0, 2, 4.82, 7164, 956, 0, 0
984, 0, 170, 204, 197, 88, 3.10%, 0, 0, 2, 4.81, 7184, 956, 0, 0
990, 0, 170, 204, 197, 88, 3.10%, 0, 0, 2, 4.75, 7208, 956, 0, 0
995, 0, 92, 204, 196, 87, 3.10%, 0, 0, 2, 5.20, 7238, 956, 0, 0
1001, 0, 92, 205, 197, 87, 3.11%, 0, 0, 2, 5.22, 7270, 959, 0, 0
1006, 0, 92, 205, 197, 87, 3.11%, 0, 0, 2, 5.33, 7298, 959, 0, 0
1011, 0, 92, 205, 197, 87, 3.11%, 0, 0, 2, 5.38, 7326, 959, 0, 0
1016, 0, 92, 205, 197, 87, 3.11%, 0, 0, 2, 5.20, 7351, 959, 0, 0
1022, 0, 92, 205, 197, 87, 3.11%, 0, 0, 2, 5.27, 7379, 959, 0, 0
1027, 0, 92, 205, 197, 87, 3.11%, 0, 0, 2, 5.37, 7408, 959, 0, 0
1032, 0, 92, 205, 197, 87, 3.11%, 0, 0, 2, 5.39, 7435, 959, 0, 0
1037, 0, 92, 205, 197, 87, 3.11%, 0, 0, 2, 5.40, 7464, 959, 0, 0
1043, 0, 92, 205, 197, 87, 3.11%, 0, 0, 2, 5.42, 7492, 959, 0, 0
1048, 0, 92, 205, 197, 87, 3.11%, 0, 0, 2, 5.39, 7519, 959, 0, 0
1053, 0, 92, 205, 197, 87, 3.11%, 0, 0, 2, 5.36, 7547, 959, 0, 0
1058, 0, 92, 205, 197, 87, 3.11%, 0, 0, 2, 5.39, 7575, 959, 0, 0
1063, 0, 92, 205, 197, 87, 3.11%, 0, 0, 2, 5.43, 7603, 959, 0, 0
1068, 0, 92, 205, 197, 87, 3.11%, 0, 0, 2, 5.43, 7631, 959, 0, 0
1074, 0, 92, 205, 197, 87, 3.11%, 0, 0, 2, 5.21, 7658, 959, 0, 0
1079, 0, 92, 205, 197, 87, 3.11%, 0, 0, 2, 5.40, 7687, 959, 0, 0
1084, 0, 92, 205, 197, 87, 3.11%, 0, 0, 2, 5.59, 7717, 959, 0, 0
1089, 0, 92, 205, 197, 87, 3.11%, 0, 0, 2, 5.63, 7746, 959, 0, 0
1094, 0, 92, 205, 197, 87, 3.11%, 0, 0, 2, 5.58, 7774, 959, 0, 0
1100, 0, 92, 205, 197, 87, 3.11%, 0, 0, 2, 5.61, 7804, 959, 0, 0
1105, 0, 92, 205, 197, 87, 3.11%, 0, 0, 2, 5.56, 7832, 959, 0, 0
1110, 0, 92, 205, 197, 87, 3.11%, 0, 0, 2, 5.63, 7862, 959, 0, 0
1115, 0, 92, 205, 197, 87, 3.11%, 0, 0, 2, 5.71, 7892, 959, 0, 0
1121, 0, 92, 205, 197, 87, 3.11%, 0, 0, 2, 5.73, 7922, 959, 0, 0
1126, 0, 92, 205, 197, 87, 3.11%, 0, 0, 2, 5.69, 7952, 959, 0, 0
1133, 0, 8, 205, 196, 87, 3.11%, 0, 0, 2, 5.64, 7990, 959, 0, 0
1138, 0, 8, 206, 197, 87, 3.12%, 0, 0, 2, 5.30, 8019, 960, 0, 0
1144, 0, 8, 208, 199, 87, 3.14%, 0, 0, 2, 5.30, 8047, 966, 0, 0
1151, 0, 8, 210, 201, 87, 3.16%, 0, 0, 2, 5.21, 8085, 973, 0, 0
1156, 0, 8, 212, 203, 87, 3.16%, 0, 0, 2, 5.22, 8114, 975, 0, 0
1162, 0, 8, 213, 204, 87, 3.17%, 0, 0, 2, 5.24, 8142, 976, 0, 0
1167, 0, 8, 215, 206, 87, 3.17%, 0, 0, 2, 5.28, 8171, 978, 0, 0
1172, 0, 8, 216, 207, 87, 3.18%, 0, 0, 2, 5.28, 8198, 979, 0, 0
1178, 0, 8, 218, 209, 87, 3.19%, 0, 0, 2, 5.26, 8228, 983, 0, 0
1184, 0, 8, 220, 211, 87, 3.20%, 0, 0, 2, 5.25, 8259, 985, 0, 0
1189, 0, 8, 222, 213, 87, 3.22%, 0, 0, 2, 5.27, 8290, 991, 0, 0
1195, 0, 8, 223, 214, 87, 3.22%, 0, 0, 2, 5.05, 8316, 992, 0, 0
1202, 0, 8, 225, 216, 87, 3.23%, 0, 0, 2, 5.13, 8354, 995, 0, 0
1207, 0, 8, 226, 217, 87, 3.23%, 0, 0, 2, 5.20, 8382, 996, 0, 0
1212, 0, 8, 228, 219, 87, 3.31%, 0, 0, 2, 5.23, 8410, 1020, 0, 0
1218, 0, 8, 230, 221, 87, 3.32%, 0, 0, 2, 5.24, 8438, 1022, 0, 0
1224, 0, 8, 231, 222, 87, 3.32%, 0, 0, 2, 5.27, 8474, 1023, 0, 0
1230, 0, 8, 232, 223, 87, 3.33%, 0, 0, 2, 5.26, 8501, 1026, 0, 0
1237, 0, 8, 234, 225, 87, 3.36%, 0, 0, 2, 5.28, 8539, 1035, 0, 0
1243, 0, 8, 235, 226, 87, 3.36%, 0, 0, 2, 5.29, 8569, 1035, 0, 0
1258, 0, 8, 236, 227, 87, 3.36%, 0, 0, 2, 0.95, 8589, 1035, 0, 0
1264, 0, 8, 236, 227, 87, 3.36%, 0, 0, 2, 5.29, 8617, 1035, 0, 0
1269, 0, 8, 236, 227, 87, 3.36%, 0, 0, 2, 5.35, 8645, 1035, 0, 0
1274, 0, 8, 236, 227, 87, 3.36%, 0, 0, 2, 5.34, 8672, 1035, 0, 0
1279, 0, 8, 236, 227, 87, 3.36%, 0, 0, 2, 5.33, 8699, 1035, 0, 0
1284, 0, 8, 236, 227, 87, 3.36%, 0, 0, 2, 5.24, 8726, 1035, 0, 0
1289, 0, 8, 236, 227, 87, 3.36%, 0, 0, 2, 5.19, 8752, 1035, 0, 0
1295, 0, 8, 236, 227, 87, 3.36%, 0, 0, 2, 5.18, 8780, 1035, 0, 0
1300, 0, 8, 236, 227, 87, 3.36%, 0, 0, 2, 5.15, 8806, 1035, 0, 0
1305, 0, 8, 236, 227, 87, 3.36%, 0, 0, 2, 5.03, 8832, 1035, 0, 0
1310, 0, 8, 236, 227, 87, 3.36%, 0, 0, 2, 5.14, 8859, 1035, 0, 0
1315, 0, 8, 237, 228, 87, 3.39%, 0, 0, 2, 5.18, 8886, 1043, 0, 0
1323, 0, 8, 240, 231, 87, 3.45%, 0, 0, 2, 5.21, 8926, 1062, 0, 0
1329, 0, 8, 242, 233, 87, 3.45%, 0, 0, 2, 5.27, 8961, 1064, 0, 0
1335, 0, 8, 242, 233, 87, 3.45%, 0, 0, 2, 5.25, 8989, 1064, 0, 0
1340, 0, 8, 242, 233, 87, 3.45%, 0, 0, 2, 5.29, 9016, 1064, 0, 0
1345, 0, 8, 242, 233, 87, 3.45%, 0, 0, 2, 5.27, 9044, 1064, 0, 0
1350, 0, 8, 242, 233, 87, 3.45%, 0, 0, 2, 5.29, 9071, 1064, 0, 0
1355, 0, 8, 242, 233, 87, 3.45%, 0, 0, 2, 5.24, 9098, 1064, 0, 0
1360, 0, 8, 242, 233, 87, 3.45%, 0, 0, 2, 5.25, 9126, 1064, 0, 0
1366, 0, 8, 242, 233, 87, 3.45%, 0, 0, 2, 5.26, 9153, 1064, 0, 0
1371, 0, 8, 242, 233, 87, 3.45%, 0, 0, 2, 5.26, 9181, 1064, 0, 0
1376, 0, 8, 242, 233, 87, 3.45%, 0, 0, 2, 5.15, 9207, 1064, 0, 0
1381, 0, 8, 242, 233, 87, 3.45%, 0, 0, 2, 5.21, 9234, 1064, 0, 0
1386, 0, 8, 242, 233, 87, 3.45%, 0, 0, 2, 5.28, 9262, 1064, 0, 0
1392, 0, 8, 242, 233, 87, 3.45%, 0, 0, 2, 5.27, 9289, 1064, 0, 0
1397, 0, 8, 242, 233, 87, 3.45%, 0, 0, 2, 5.26, 9316, 1064, 0, 0
1404, 0, 8, 243, 234, 87, 3.46%, 0, 0, 2, 5.23, 9354, 1065, 0, 0
1409, 0, 8, 243, 234, 87, 3.46%, 0, 0, 2, 5.15, 9380, 1065, 0, 0
1414, 0, 8, 243, 234, 87, 3.46%, 0, 0, 2, 5.25, 9407, 1065, 0, 0
1419, 0, 8, 243, 234, 87, 3.46%, 0, 0, 2, 5.30, 9435, 1065, 0, 0
1425, 0, 8, 243, 234, 87, 3.46%, 0, 0, 2, 5.30, 9463, 1065, 0, 0
1439, 0, 8, 244, 235, 87, 3.46%, 0, 0, 2, 0.89, 9476, 1066, 0, 0
1445, 0, 8, 244, 235, 87, 3.46%, 0, 0, 2, 0.89, 9481, 1066, 0, 0
1450, 0, 8, 244, 235, 87, 3.46%, 0, 0, 2, 0.90, 9486, 1066, 0, 0
1456, 0, 8, 244, 235, 87, 3.46%, 0, 0, 2, 0.91, 9491, 1066, 0, 0
1471, 0, 8, 245, 236, 87, 3.46%, 0, 0, 2, 0.92, 9505, 1066, 0, 0
1485, 0, 8, 246, 237, 87, 3.46%, 0, 0, 2, 0.92, 9519, 1066, 0, 0
1490, 0, 8, 246, 237, 87, 3.46%, 0, 0, 2, 0.94, 9524, 1066, 0, 0
1503, 0, 8, 247, 238, 87, 3.46%, 0, 0, 2, 0.95, 9537, 1066, 0, 0
1517, 0, 8, 248, 239, 87, 3.46%, 0, 0, 2, 0.95, 9551, 1066, 0, 0
1531, 0, 8, 249, 240, 87, 3.46%, 0, 0, 2, 0.96, 9565, 1066, 0, 0
1544, 0, 8, 250, 241, 87, 3.46%, 0, 0, 2, 0.96, 9578, 1066, 0, 0
1549, 0, 8, 250, 241, 87, 3.46%, 0, 0, 2, 5.07, 9605, 1066, 0, 0
1555, 0, 8, 251, 242, 87, 3.47%, 0, 0, 2, 5.08, 9632, 1068, 0, 0
1560, 0, 8, 251, 242, 87, 3.47%, 0, 0, 2, 5.31, 9660, 1068, 0, 0
1565, 0, 8, 251, 242, 87, 3.47%, 0, 0, 2, 5.47, 9688, 1068, 0, 0
1570, 0, 8, 251, 242, 87, 3.47%, 0, 0, 2, 5.37, 9715, 1068, 0, 0
1576, 0, 8, 252, 243, 87, 3.47%, 0, 0, 2, 5.30, 9748, 1068, 0, 0
1581, 0, 8, 254, 245, 87, 3.48%, 0, 0, 2, 5.30, 9777, 1071, 0, 0
1586, 0, 8, 255, 246, 87, 3.48%, 0, 0, 2, 5.32, 9804, 1072, 0, 0
1592, 0, 8, 255, 246, 87, 3.48%, 0, 0, 2, 5.25, 9831, 1072, 0, 0
1597, 0, 8, 255, 246, 87, 3.48%, 0, 0, 2, 5.05, 9857, 1072, 0, 0
1602, 0, 8, 256, 247, 87, 3.48%, 0, 0, 2, 5.03, 9883, 1073, 0, 0
1607, 0, 8, 257, 248, 87, 3.49%, 0, 0, 2, 5.16, 9911, 1074, 0, 0
1612, 0, 8, 257, 248, 87, 3.49%, 0, 0, 2, 5.20, 9939, 1074, 0, 0
1617, 0, 8, 257, 248, 87, 3.49%, 0, 0, 2, 5.18, 9965, 1074, 0, 0
1623, 0, 8, 257, 248, 87, 3.49%, 0, 0, 2, 5.21, 9992, 1074, 0, 0
1628, 0, 8, 257, 248, 87, 3.49%, 0, 0, 2, 0.89, 10014, 1074, 0, 0
1633, 0, 8, 257, 248, 87, 3.49%, 0, 0, 2, 4.82, 10029, 1074, 0, 0
1638, 0, 8, 257, 248, 87, 3.49%, 0, 0, 2, 0.93, 10040, 1074, 0, 0
1645, 0, 8, 257, 248, 87, 3.49%, 0, 0, 2, 0.88, 10050, 1074, 0, 0
1652, 0, 8, 258, 249, 87, 3.50%, 0, 0, 2, 5.03, 10079, 1077, 0, 0
1657, 0, 8, 258, 249, 87, 3.50%, 0, 0, 2, 5.12, 10105, 1077, 0, 0
1662, 0, 8, 259, 250, 87, 3.50%, 0, 0, 2, 5.19, 10132, 1079, 0, 0
1668, 0, 8, 260, 251, 87, 3.51%, 0, 0, 2, 5.19, 10167, 1082, 0, 0
1674, 0, 8, 260, 251, 87, 3.51%, 0, 0, 2, 5.10, 10194, 1082, 0, 0
1679, 0, 8, 261, 252, 87, 3.52%, 0, 0, 2, 5.22, 10224, 1083, 0, 0
1684, 0, 8, 261, 252, 87, 3.52%, 0, 0, 2, 5.34, 10252, 1083, 0, 0
1689, 0, 8, 261, 252, 87, 3.52%, 0, 0, 2, 5.32, 10279, 1083, 0, 0
1695, 0, 8, 261, 252, 87, 3.52%, 0, 0, 2, 5.30, 10307, 1083, 0, 0
1700, 0, 8, 261, 252, 87, 3.52%, 0, 0, 2, 5.28, 10335, 1083, 0, 0
1705, 0, 8, 261, 252, 87, 3.52%, 0, 0, 2, 5.31, 10362, 1083, 0, 0
1710, 0, 8, 261, 252, 87, 3.52%, 0, 0, 2, 5.19, 10389, 1083, 0, 0
1715, 0, 8, 261, 252, 87, 3.52%, 0, 0, 2, 5.19, 10416, 1083, 0, 0
1721, 0, 8, 261, 252, 87, 3.52%, 0, 0, 2, 5.52, 10446, 1083, 0, 0
1726, 0, 8, 261, 252, 87, 3.52%, 0, 0, 2, 5.56, 10476, 1083, 0, 0
1731, 0, 8, 261, 252, 87, 3.52%, 0, 0, 2, 5.26, 10502, 1083, 0, 0
1736, 0, 8, 261, 252, 87, 3.52%, 0, 0, 2, 5.16, 10529, 1083, 0, 0
1743, 0, 8, 263, 254, 87, 3.52%, 0, 0, 2, 5.18, 10561, 1085, 0, 0
1748, 0, 8, 264, 255, 87, 3.52%, 0, 0, 2, 5.20, 10588, 1086, 0, 0
1753, 0, 8, 264, 255, 87, 3.52%, 0, 0, 2, 5.28, 10615, 1086, 0, 0
1758, 0, 8, 264, 255, 87, 3.52%, 0, 0, 2, 5.22, 10642, 1086, 0, 0
1763, 0, 8, 264, 255, 87, 3.52%, 0, 0, 2, 5.26, 10669, 1086, 0, 0
1768, 0, 8, 265, 256, 87, 3.52%, 0, 0, 2, 4.82, 10684, 1086, 0, 0
1773, 0, 8, 265, 256, 87, 3.52%, 0, 0, 2, 5.54, 10705, 1086, 0, 0
1779, 0, 8, 265, 256, 87, 3.52%, 0, 0, 2, 5.69, 10729, 1086, 0, 0
1784, 0, 8, 265, 256, 87, 3.52%, 0, 0, 2, 5.63, 10759, 1086, 0, 0
1789, 0, 8, 265, 256, 87, 3.52%, 0, 0, 2, 5.37, 10787, 1086, 0, 0
1795, 0, 8, 265, 256, 87, 3.52%, 0, 0, 2, 5.14, 10813, 1086, 0, 0
1800, 0, 8, 265, 256, 87, 3.52%, 0, 0, 2, 5.20, 10841, 1086, 0, 0
1805, 0, 8, 266, 257, 87, 3.53%, 0, 0, 2, 5.22, 10869, 1087, 0, 0
1811, 0, 8, 266, 257, 87, 3.53%, 0, 0, 2, 4.94, 10892, 1087, 0, 0
1816, 0, 8, 266, 257, 87, 3.53%, 0, 0, 2, 0.90, 10900, 1087, 0, 0
1822, 0, 8, 266, 257, 87, 3.53%, 0, 0, 2, 0.92, 10907, 1087, 0, 0
1828, 0, 8, 266, 257, 87, 3.53%, 0, 0, 2, 4.89, 10930, 1087, 0, 0
1833, 0, 8, 266, 257, 87, 3.53%, 0, 0, 2, 5.22, 10957, 1087, 0, 0
1838, 0, 8, 266, 257, 87, 3.53%, 0, 0, 2, 5.49, 10987, 1087, 0, 0
1844, 0, 8, 266, 257, 87, 3.53%, 0, 0, 2, 5.47, 11015, 1087, 0, 0
1849, 0, 8, 267, 258, 87, 3.55%, 0, 0, 2, 5.35, 11042, 1093, 0, 0
1854, 0, 8, 267, 258, 87, 3.55%, 0, 0, 2, 5.10, 11067, 1093, 0, 0
1859, 0, 8, 267, 258, 87, 3.55%, 0, 0, 2, 5.11, 11094, 1093, 0, 0
1865, 0, 8, 268, 259, 87, 3.55%, 0, 0, 2, 5.20, 11128, 1093, 0, 0
1871, 0, 8, 268, 259, 87, 3.55%, 0, 0, 2, 5.21, 11155, 1093, 0, 0
1876, 0, 8, 268, 259, 87, 3.55%, 0, 0, 2, 5.21, 11182, 1093, 0, 0
1881, 0, 8, 268, 259, 87, 3.55%, 0, 0, 2, 5.21, 11209, 1093, 0, 0
1886, 0, 8, 268, 259, 87, 3.55%, 0, 0, 2, 5.30, 11237, 1093, 0, 0
1892, 0, 8, 269, 260, 87, 3.55%, 0, 0, 2, 4.95, 11265, 1094, 0, 0
1897, 0, 8, 269, 260, 87, 3.55%, 0, 0, 2, 4.64, 11288, 1094, 0, 0
1902, 0, 8, 269, 260, 87, 3.55%, 0, 0, 2, 5.02, 11315, 1094, 0, 0
1908, 0, 8, 269, 260, 87, 3.55%, 0, 0, 2, 5.17, 11342, 1094, 0, 0
1913, 0, 8, 269, 260, 87, 3.55%, 0, 0, 2, 5.10, 11368, 1094, 0, 0
1918, 0, 8, 269, 260, 87, 3.55%, 0, 0, 2, 4.99, 11394, 1094, 0, 0
1923, 0, 8, 269, 260, 87, 3.55%, 0, 0, 2, 5.01, 11421, 1094, 0, 0
1928, 0, 8, 269, 260, 87, 3.55%, 0, 0, 2, 5.18, 11449, 1094, 0, 0
1934, 0, 8, 271, 262, 87, 3.59%, 0, 0, 2, 5.19, 11479, 1106, 0, 0
1939, 0, 8, 271, 262, 87, 3.59%, 0, 0, 2, 5.20, 11506, 1106, 0, 0
1944, 0, 8, 271, 262, 87, 3.59%, 0, 0, 2, 5.23, 11533, 1106, 0, 0
1950, 0, 8, 271, 262, 87, 3.59%, 0, 0, 2, 5.24, 11560, 1106, 0, 0
1955, 0, 8, 272, 263, 87, 3.59%, 0, 0, 2, 5.22, 11588, 1107, 0, 0
1960, 0, 8, 272, 263, 87, 3.59%, 0, 0, 2, 5.24, 11616, 1107, 0, 0
1966, 0, 8, 272, 263, 87, 3.59%, 0, 0, 2, 5.27, 11644, 1107, 0, 0
1971, 0, 8, 272, 263, 87, 3.59%, 0, 0, 2, 5.30, 11672, 1107, 0, 0
1976, 0, 8, 272, 263, 87, 3.59%, 0, 0, 2, 5.13, 11699, 1107, 0, 0
1981, 0, 8, 272, 263, 87, 3.59%, 0, 0, 2, 5.21, 11726, 1107, 0, 0
1987, 0, 8, 272, 263, 87, 3.59%, 0, 0, 2, 5.32, 11755, 1107, 0, 0
1992, 0, 8, 272, 263, 87, 3.59%, 0, 0, 2, 5.33, 11782, 1107, 0, 0
1997, 0, 8, 273, 264, 87, 3.60%, 0, 0, 2, 5.35, 11811, 1108, 0, 0
2002, 0, 8, 274, 265, 87, 3.60%, 0, 0, 2, 5.42, 11839, 1109, 0, 0
2008, 0, 8, 274, 265, 87, 3.60%, 0, 0, 2, 5.60, 11869, 1109, 0, 0
2013, 0, 8, 274, 265, 87, 3.60%, 0, 0, 2, 5.68, 11899, 1109, 0, 0
2018, 0, 8, 274, 265, 87, 3.60%, 0, 0, 2, 5.77, 11929, 1109, 0, 0
2023, 0, 8, 274, 265, 87, 3.60%, 0, 0, 2, 5.73, 11959, 1109, 0, 0
2028, 0, 8, 274, 265, 87, 3.60%, 0, 0, 2, 5.72, 11989, 1109, 0, 0
2034, 0, 8, 274, 265, 87, 3.60%, 0, 0, 2, 5.62, 12018, 1109, 0, 0
2039, 0, 8, 274, 265, 87, 3.60%, 0, 0, 2, 5.64, 12048, 1109, 0, 0
2044, 0, 8, 274, 265, 87, 3.60%, 0, 0, 2, 5.60, 12077, 1109, 0, 0
2049, 0, 8, 274, 265, 87, 3.60%, 0, 0, 2, 5.43, 12104, 1109, 0, 0
2055, 0, 8, 275, 265, 86, 3.60%, 0, 0, 2, 5.56, 12137, 1110, 0, 0
2060, 0, 8, 276, 266, 86, 3.60%, 0, 0, 2, 5.58, 12167, 1110, 0, 0
2067, 0, 8, 278, 268, 86, 3.61%, 0, 0, 2, 5.61, 12202, 1112, 0, 0
2075, 0, 8, 279, 269, 86, 3.61%, 0, 0, 2, 5.34, 12236, 1112, 0, 0
2083, 0, 8, 281, 271, 86, 3.61%, 0, 0, 2, 4.92, 12264, 1112, 0, 0
2089, 0, 8, 281, 271, 86, 3.61%, 0, 0, 2, 0.93, 12269, 1112, 0, 0
2102, 0, 8, 282, 272, 86, 3.61%, 0, 0, 2, 0.94, 12282, 1112, 0, 0
2118, 0, 8, 284, 274, 86, 3.61%, 0, 0, 2, 1.13, 12308, 1112, 0, 0
2133, 0, 8, 286, 276, 86, 3.61%, 0, 0, 2, 1.30, 12334, 1112, 0, 0
2139, 0, 8, 288, 278, 86, 3.62%, 0, 0, 2, 2.22, 12365, 1114, 0, 0
2144, 0, 8, 290, 280, 86, 3.62%, 0, 0, 2, 2.80, 12393, 1115, 0, 0
2150, 0, 8, 292, 282, 86, 3.63%, 0, 0, 2, 3.35, 12424, 1117, 0, 0
2155, 0, 8, 294, 284, 86, 3.64%, 0, 0, 2, 3.57, 12450, 1121, 0, 0
2160, 0, 8, 296, 286, 86, 3.66%, 0, 0, 2, 3.90, 12478, 1127, 0, 0
2166, 0, 8, 298, 288, 86, 3.67%, 0, 0, 2, 4.16, 12508, 1131, 0, 0
2172, 0, 8, 300, 290, 86, 3.68%, 0, 0, 2, 4.35, 12537, 1133, 0, 0
2178, 0, 8, 302, 292, 86, 3.71%, 0, 0, 2, 4.60, 12569, 1143, 0, 0
2183, 0, 8, 304, 294, 86, 3.72%, 0, 0, 2, 4.72, 12597, 1146, 0, 0
2189, 0, 8, 306, 296, 86, 3.76%, 0, 0, 2, 4.72, 12623, 1158, 0, 0
2194, 0, 8, 308, 298, 86, 3.77%, 0, 0, 2, 4.77, 12649, 1160, 0, 0
2201, 0, 8, 311, 301, 86, 3.77%, 0, 0, 2, 4.89, 12688, 1163, 0, 0
2208, 0, 8, 314, 304, 86, 3.78%, 0, 0, 2, 4.99, 12727, 1165, 0, 0
2213, 0, 8, 316, 306, 86, 3.79%, 0, 0, 2, 5.01, 12753, 1169, 0, 0
2220, 0, 8, 319, 309, 86, 4.03%, 0, 0, 2, 5.09, 12792, 1241, 0, 0
2226, 0, 8, 321, 311, 86, 4.03%, 0, 0, 2, 5.04, 12818, 1242, 0, 0
2231, 0, 8, 323, 313, 86, 4.04%, 0, 0, 2, 5.10, 12846, 1245, 0, 0
2238, 0, 8, 326, 316, 86, 4.07%, 0, 0, 2, 5.14, 12885, 1255, 0, 0
2246, 0, 8, 329, 319, 86, 4.09%, 0, 0, 2, 5.20, 12924, 1261, 0, 0
2251, 0, 8, 331, 321, 86, 4.10%, 0, 0, 2, 5.18, 12950, 1263, 0, 0
2257, 0, 8, 333, 323, 86, 4.11%, 0, 0, 2, 5.09, 12976, 1265, 0, 0
2264, 0, 8, 335, 325, 86, 4.13%, 0, 0, 2, 4.92, 13002, 1271, 0, 0
2271, 0, 8, 337, 327, 86, 4.13%, 0, 0, 2, 4.77, 13028, 1272, 0, 0
2278, 0, 8, 339, 329, 86, 4.15%, 0, 0, 2, 4.62, 13054, 1279, 0, 0
2285, 0, 8, 341, 331, 86, 4.15%, 0, 0, 2, 4.50, 13080, 1280, 0, 0
2292, 0, 8, 343, 333, 86, 4.16%, 0, 0, 2, 4.40, 13106, 1282, 0, 0
2299, 0, 8, 345, 335, 86, 4.17%, 0, 0, 2, 4.31, 13132, 1284, 0, 0
2307, 0, 8, 347, 337, 86, 4.18%, 0, 0, 2, 4.23, 13158, 1289, 0, 0
2314, 0, 8, 349, 339, 86, 4.21%, 0, 0, 2, 4.15, 13184, 1297, 0, 0
2321, 0, 8, 351, 341, 86, 4.22%, 0, 0, 2, 4.08, 13210, 1299, 0, 0
2328, 0, 8, 353, 343, 86, 4.23%, 0, 0, 2, 4.02, 13236, 1303, 0, 0
2336, 0, 8, 355, 345, 86, 4.29%, 0, 0, 2, 3.97, 13262, 1321, 0, 0
2342, 0, 8, 357, 347, 86, 4.31%, 0, 0, 2, 3.99, 13288, 1327, 0, 0
2348, 0, 8, 359, 349, 86, 4.31%, 0, 0, 2, 4.02, 13314, 1329, 0, 0
2354, 0, 8, 361, 351, 86, 4.32%, 0, 0, 2, 4.05, 13340, 1331, 0, 0
2361, 0, 8, 363, 353, 86, 4.33%, 0, 0, 2, 4.07, 13367, 1333, 0, 0
2367, 0, 8, 365, 355, 86, 4.34%, 0, 0, 2, 4.09, 13393, 1338, 0, 0
2373, 0, 8, 367, 357, 86, 4.36%, 0, 0, 2, 4.12, 13419, 1344, 0, 0
2379, 0, 8, 369, 359, 86, 4.38%, 0, 0, 2, 4.12, 13445, 1349, 0, 0
2386, 0, 8, 371, 361, 86, 4.41%, 0, 0, 2, 4.12, 13471, 1358, 0, 0
2391, 0, 13, 371, 361, 195, 4.41%, 0, 0, 2, 4.19, 13495, 1358, 0, 0
2396, 0, 13, 371, 361, 195, 4.41%, 0, 0, 2, 4.08, 13515, 1358, 0, 0
2401, 0, 13, 371, 361, 195, 4.41%, 0, 0, 2, 4.05, 13533, 1358, 0, 0
2406, 0, 13, 371, 361, 195, 4.41%, 0, 0, 2, 4.16, 13554, 1358, 0, 0
2412, 0, 304, 371, 360, 194, 4.41%, 0, 0, 2, 4.20, 13578, 1358, 0, 0
2417, 0, 304, 371, 360, 194, 4.41%, 0, 0, 2, 4.17, 13599, 1358, 0, 0
2422, 0, 304, 371, 360, 194, 4.41%, 0, 0, 2, 4.16, 13620, 1358, 0, 0
2427, 0, 304, 371, 360, 194, 4.41%, 0, 0, 2, 4.19, 13641, 1358, 0, 0
2432, 0, 304, 371, 360, 194, 4.41%, 0, 0, 2, 3.92, 13661, 1358, 0, 0
2438, 0, 304, 371, 360, 194, 4.41%, 0, 0, 2, 3.76, 13680, 1358, 0, 0
2443, 0, 365, 371, 359, 193, 4.41%, 0, 0, 2, 3.86, 13700, 1358, 0, 0
2448, 0, 365, 371, 359, 193, 4.41%, 0, 0, 2, 3.71, 13719, 1358, 0, 0
2454, 0, 365, 372, 360, 193, 4.41%, 0, 0, 2, 3.67, 13739, 1359, 0, 0
2459, 0, 365, 372, 360, 193, 4.41%, 0, 0, 2, 3.68, 13758, 1359, 0, 0
2464, 0, 365, 372, 360, 193, 4.41%, 0, 0, 2, 3.63, 13776, 1359, 0, 0
2469, 0, 365, 372, 360, 193, 4.41%, 0, 0, 2, 3.67, 13795, 1359, 0, 0
2475, 0, 365, 373, 361, 193, 4.42%, 0, 0, 2, 3.64, 13818, 1362, 0, 0
2483, 0, 365, 375, 363, 193, 4.43%, 0, 0, 2, 3.63, 13846, 1364, 0, 0
2490, 0, 365, 377, 365, 193, 4.44%, 0, 0, 2, 3.63, 13872, 1367, 0, 0
2498, 0, 365, 379, 367, 193, 4.45%, 0, 0, 2, 3.61, 13901, 1371, 0, 0
2505, 0, 365, 381, 369, 193, 4.46%, 0, 0, 2, 3.62, 13927, 1374, 0, 0
2511, 0, 365, 382, 370, 193, 4.46%, 0, 0, 2, 3.66, 13949, 1374, 0, 0
2516, 0, 365, 382, 370, 193, 4.46%, 0, 0, 2, 3.98, 13970, 1374, 0, 0
2521, 0, 365, 383, 371, 193, 4.46%, 0, 0, 2, 4.10, 13992, 1375, 0, 0
2526, 0, 365, 383, 371, 193, 4.46%, 0, 0, 2, 4.17, 14013, 1375, 0, 0
2531, 0, 365, 383, 371, 193, 4.46%, 0, 0, 2, 4.17, 14034, 1375, 0, 0
2537, 0, 365, 383, 371, 193, 4.46%, 0, 0, 2, 4.21, 14056, 1375, 0, 0
2542, 0, 365, 383, 371, 193, 4.46%, 0, 0, 2, 4.22, 14078, 1375, 0, 0
2548, 0, 365, 384, 372, 193, 4.47%, 0, 0, 2, 4.20, 14105, 1376, 0, 0
2553, 0, 365, 385, 373, 193, 4.47%, 0, 0, 2, 4.19, 14126, 1377, 0, 0
2558, 0, 365, 386, 374, 193, 4.48%, 0, 0, 2, 4.16, 14147, 1379, 0, 0
2564, 0, 365, 386, 374, 193, 4.48%, 0, 0, 2, 4.21, 14169, 1379, 0, 0
2569, 0, 365, 386, 374, 193, 4.48%, 0, 0, 2, 4.07, 14190, 1379, 0, 0
2574, 0, 365, 386, 374, 193, 4.48%, 0, 0, 2, 4.09, 14211, 1379, 0, 0
2579, 0, 365, 386, 374, 193, 4.48%, 0, 0, 2, 4.16, 14232, 1379, 0, 0
2584, 0, 365, 386, 374, 193, 4.48%, 0, 0, 2, 4.24, 14254, 1379, 0, 0
2589, 0, 365, 386, 374, 193, 4.48%, 0, 0, 2, 4.30, 14276, 1379, 0, 0
2594, 0, 365, 386, 374, 193, 4.48%, 0, 0, 2, 4.28, 14298, 1379, 0, 0
2600, 0, 365, 386, 374, 193, 4.48%, 0, 0, 2, 4.28, 14320, 1379, 0, 0
2605, 0, 365, 386, 374, 193, 4.48%, 0, 0, 2, 4.09, 14341, 1379, 0, 0
2610, 0, 365, 386, 374, 193, 4.48%, 0, 0, 2, 3.80, 14360, 1379, 0, 0
2615, 0, 365, 386, 374, 193, 4.48%, 0, 0, 2, 3.80, 14380, 1379, 0, 0
2620, 0, 365, 386, 374, 193, 4.48%, 0, 0, 2, 3.79, 14399, 1379, 0, 0
2625, 0, 365, 386, 374, 193, 4.48%, 0, 0, 2, 3.75, 14418, 1379, 0, 0
2630, 0, 365, 386, 374, 193, 4.48%, 0, 0, 2, 3.75, 14437, 1379, 0, 0
2635, 0, 365, 386, 374, 193, 4.48%, 0, 0, 2, 3.62, 14455, 1379, 0, 0
2641, 0, 365, 386, 374, 193, 4.48%, 0, 0, 2, 3.85, 14475, 1379, 0, 0
2642, 0, 365, 386, 374, 193, 4.48%, 0, 0, 2, 0.00, 14480, 1379, 0, 0
2703, 0, 55, 439, 401, 223, 4.64%, 0, 0, 4, 24.23, 16042, 1428, 0, 0
2708, 0, 55, 442, 404, 223, 4.64%, 0, 0, 4, 25.76, 16174, 1428, 0, 0
2713, 0, 55, 447, 409, 223, 4.64%, 0, 0, 4, 26.38, 16313, 1429, 0, 0
2719, 0, 55, 447, 409, 223, 4.64%, 0, 0, 4, 27.02, 16455, 1429, 0, 0
2724, 0, 55, 447, 409, 223, 4.64%, 0, 0, 4, 25.26, 16582, 1429, 0, 0
2729, 0, 55, 447, 409, 223, 4.64%, 0, 0, 4, 24.78, 16706, 1429, 0, 0
2734, 0, 55, 447, 409, 223, 4.64%, 0, 0, 4, 25.22, 16833, 1429, 0, 0
2739, 0, 333, 448, 408, 224, 4.64%, 0, 0, 4, 25.31, 16970, 1430, 0, 0
2746, 0, 48, 450, 408, 224, 4.65%, 0, 0, 4, 25.12, 17143, 1432, 0, 0
2751, 0, 54, 450, 407, 224, 4.65%, 0, 0, 4, 25.66, 17273, 1432, 0, 0
2757, 0, 408, 451, 406, 222, 4.65%, 0, 0, 4, 25.06, 17427, 1433, 0, 0
2762, 0, 408, 453, 408, 222, 4.66%, 0, 0, 4, 24.14, 17550, 1435, 0, 0
2769, 0, 78, 455, 408, 222, 4.66%, 0, 0, 4, 24.19, 17726, 1436, 0, 0
2774, 0, 90, 456, 408, 222, 4.66%, 0, 0, 4, 24.55, 17851, 1437, 0, 0
2780, 0, 327, 456, 406, 220, 4.66%, 0, 0, 4, 24.53, 17992, 1437, 0, 0
2786, 0, 91, 457, 405, 219, 4.67%, 0, 0, 4, 25.34, 18155, 1438, 0, 0
2791, 0, 418, 458, 405, 218, 4.67%, 0, 0, 4, 24.45, 18277, 1438, 0, 0
2797, 0, 418, 460, 407, 218, 4.67%, 0, 0, 4, 24.02, 18396, 1438, 0, 0
2802, 0, 418, 461, 408, 218, 4.67%, 0, 0, 4, 25.44, 18527, 1438, 0, 0
2807, 0, 418, 461, 408, 218, 4.67%, 0, 0, 4, 25.67, 18659, 1438, 0, 0
2812, 0, 418, 461, 408, 218, 4.67%, 0, 0, 4, 25.74, 18790, 1438, 0, 0
2817, 0, 418, 463, 410, 218, 4.67%, 0, 0, 4, 26.22, 18924, 1439, 0, 0
2822, 0, 418, 464, 411, 218, 4.67%, 0, 0, 4, 26.35, 19055, 1439, 0, 0
2827, 0, 418, 464, 411, 218, 4.67%, 0, 0, 4, 25.73, 19183, 1439, 0, 0
2832, 0, 418, 465, 412, 218, 4.67%, 0, 0, 4, 25.61, 19313, 1440, 0, 0
2837, 0, 418, 465, 412, 218, 4.67%, 0, 0, 4, 26.63, 19451, 1440, 0, 0
2842, 0, 418, 465, 412, 218, 4.67%, 0, 0, 4, 25.80, 19582, 1440, 0, 0
2847, 0, 418, 465, 412, 218, 4.67%, 0, 0, 4, 25.98, 19719, 1440, 0, 0
2853, 0, 418, 465, 412, 218, 4.67%, 0, 0, 4, 26.05, 19849, 1440, 0, 0
2858, 0, 418, 465, 412, 218, 4.67%, 0, 0, 4, 26.80, 19987, 1440, 0, 0
2863, 0, 418, 466, 413, 218, 4.69%, 0, 0, 4, 26.59, 20118, 1445, 0, 0
2868, 0, 418, 466, 413, 218, 4.69%, 0, 0, 4, 25.47, 20247, 1445, 0, 0
2873, 0, 418, 467, 414, 218, 4.69%, 0, 0, 4, 25.86, 20379, 1446, 0, 0
2878, 0, 418, 467, 414, 218, 4.69%, 0, 0, 4, 26.02, 20509, 1446, 0, 0
2883, 0, 418, 467, 414, 218, 4.69%, 0, 0, 4, 25.61, 20641, 1446, 0, 0
2888, 0, 418, 467, 414, 218, 4.69%, 0, 0, 4, 26.06, 20769, 1446, 0, 0
2893, 0, 418, 467, 414, 218, 4.69%, 0, 0, 4, 26.68, 20903, 1446, 0, 0
2898, 0, 93, 467, 413, 221, 4.69%, 0, 0, 4, 27.36, 21041, 1446, 0, 0
2903, 0, 409, 467, 412, 220, 4.69%, 0, 0, 4, 26.12, 21166, 1446, 0, 0
2909, 0, 187, 468, 412, 219, 4.70%, 0, 0, 5, 26.06, 21309, 1447, 0, 0
2914, 0, 187, 470, 414, 219, 4.70%, 0, 0, 5, 26.31, 21444, 1447, 0, 0
2919, 0, 187, 472, 416, 219, 4.70%, 0, 0, 5, 26.35, 21582, 1447, 0, 0
2924, 0, 187, 472, 416, 219, 4.70%, 0, 0, 5, 26.31, 21713, 1447, 0, 0
2929, 0, 187, 472, 416, 219, 4.70%, 0, 0, 5, 26.29, 21847, 1447, 0, 0
2934, 0, 187, 472, 416, 219, 4.70%, 0, 0, 5, 27.24, 21990, 1447, 0, 0
2940, 0, 431, 472, 414, 218, 4.70%, 0, 0, 5, 26.66, 22142, 1447, 0, 0
2945, 0, 465, 472, 413, 217, 4.70%, 0, 0, 5, 24.90, 22261, 1447, 0, 0
2951, 0, 465, 473, 414, 217, 4.70%, 0, 0, 5, 24.60, 22390, 1448, 0, 0
2956, 0, 97, 475, 415, 217, 4.70%, 0, 0, 5, 26.22, 22527, 1449, 0, 0
2961, 0, 97, 480, 420, 217, 4.73%, 0, 0, 5, 26.44, 22666, 1456, 0, 0
2966, 0, 97, 480, 420, 217, 4.73%, 0, 0, 5, 27.74, 22807, 1456, 0, 0
2971, 0, 97, 480, 420, 217, 4.73%, 0, 0, 5, 28.40, 22956, 1456, 0, 0
2976, 0, 97, 480, 420, 217, 4.73%, 0, 0, 5, 28.41, 23100, 1456, 0, 0
2981, 0, 97, 480, 420, 217, 4.73%, 0, 0, 5, 25.12, 23227, 1456, 0, 0
2987, 0, 97, 480, 420, 217, 4.73%, 0, 0, 5, 24.97, 23353, 1456, 0, 0
2992, 0, 97, 481, 421, 217, 4.73%, 0, 0, 5, 26.04, 23485, 1457, 0, 0
2997, 0, 97, 482, 422, 217, 4.73%, 0, 0, 5, 26.65, 23623, 1458, 0, 0
3002, 0, 422, 482, 420, 221, 4.73%, 0, 0, 5, 26.01, 23755, 1458, 0, 0
3007, 0, 422, 483, 421, 221, 4.73%, 0, 0, 5, 24.22, 23875, 1458, 0, 0
3012, 0, 422, 485, 423, 221, 4.73%, 0, 0, 5, 24.53, 24001, 1458, 0, 0
3017, 0, 422, 486, 424, 221, 4.74%, 0, 0, 5, 24.70, 24126, 1459, 0, 0
3022, 0, 422, 486, 424, 221, 4.74%, 0, 0, 5, 24.91, 24251, 1459, 0, 0
3027, 0, 422, 488, 426, 221, 4.74%, 0, 0, 5, 24.99, 24379, 1459, 0, 0
3032, 0, 422, 488, 426, 221, 4.74%, 0, 0, 5, 25.39, 24507, 1459, 0, 0
3037, 0, 422, 488, 426, 221, 4.74%, 0, 0, 5, 25.06, 24632, 1459, 0, 0
3042, 0, 422, 489, 427, 221, 4.74%, 0, 0, 5, 24.45, 24757, 1459, 0, 0
3048, 0, 422, 490, 428, 221, 4.74%, 0, 0, 5, 25.06, 24886, 1460, 0, 0
3053, 0, 422, 490, 428, 221, 4.74%, 0, 0, 5, 25.33, 25018, 1460, 0, 0
3058, 0, 422, 491, 429, 221, 4.74%, 0, 0, 5, 24.94, 25143, 1460, 0, 0
3063, 0, 422, 491, 429, 221, 4.74%, 0, 0, 5, 24.54, 25269, 1460, 0, 0
3068, 0, 422, 492, 430, 221, 4.74%, 0, 0, 5, 25.10, 25394, 1460, 0, 0
3073, 0, 422, 493, 431, 221, 4.74%, 0, 0, 5, 25.19, 25521, 1461, 0, 0
3078, 0, 422, 494, 432, 221, 4.75%, 0, 0, 5, 24.32, 25643, 1462, 0, 0
3083, 0, 422, 494, 432, 221, 4.75%, 0, 0, 5, 24.09, 25766, 1462, 0, 0
3088, 0, 422, 495, 433, 221, 4.75%, 0, 0, 5, 24.90, 25892, 1462, 0, 0
3093, 0, 422, 495, 433, 221, 4.75%, 0, 0, 5, 24.55, 26020, 1462, 0, 0
3098, 0, 422, 496, 434, 221, 4.75%, 0, 0, 5, 23.76, 26140, 1462, 0, 0
3103, 0, 422, 496, 434, 221, 4.75%, 0, 0, 5, 24.51, 26264, 1462, 0, 0
3108, 0, 422, 497, 435, 221, 4.75%, 0, 0, 5, 24.14, 26383, 1462, 0, 0
3114, 0, 422, 498, 436, 221, 4.75%, 0, 0, 5, 23.37, 26501, 1462, 0, 0
3119, 0, 108, 498, 435, 225, 4.75%, 0, 0, 5, 24.22, 26632, 1462, 0, 0
3125, 0, 109, 499, 434, 224, 4.75%, 0, 0, 5, 24.48, 26786, 1463, 0, 0
3130, 0, 111, 500, 433, 223, 4.75%, 0, 0, 5, 25.70, 26921, 1464, 0, 0
3137, 0, 125, 501, 433, 223, 4.76%, 0, 0, 5, 25.94, 27095, 1465, 0, 0
3144, 0, 419, 501, 431, 221, 4.76%, 0, 0, 5, 25.65, 27276, 1465, 0, 0
3149, 0, 242, 501, 430, 220, 4.76%, 0, 0, 5, 25.77, 27407, 1465, 0, 0
3154, 0, 242, 502, 431, 220, 4.76%, 0, 0, 5, 25.23, 27531, 1465, 0, 0
3161, 0, 478, 503, 430, 218, 4.76%, 0, 0, 5, 24.54, 27681, 1466, 0, 0
3167, 0, 127, 503, 429, 218, 4.76%, 0, 0, 5, 24.29, 27844, 1466, 0, 0
3174, 0, 372, 503, 427, 216, 4.76%, 0, 0, 5, 25.04, 28017, 1466, 0, 0
3180, 0, 447, 503, 426, 215, 4.76%, 0, 0, 5, 23.96, 28141, 1466, 0, 0
3185, 0, 447, 505, 428, 215, 4.77%, 0, 0, 5, 24.87, 28273, 1469, 0, 0
3190, 0, 447, 505, 428, 215, 4.77%, 0, 0, 5, 25.71, 28410, 1469, 0, 0
3195, 0, 447, 505, 428, 215, 4.77%, 0, 0, 5, 26.69, 28549, 1469, 0, 0
3200, 0, 447, 505, 428, 215, 4.77%, 0, 0, 5, 27.40, 28687, 1469, 0, 0
3205, 0, 447, 506, 429, 215, 4.77%, 0, 0, 5, 25.33, 28812, 1469, 0, 0
3210, 0, 447, 512, 435, 215, 4.77%, 0, 0, 5, 26.64, 28957, 1470, 0, 0
3216, 0, 447, 515, 438, 215, 4.77%, 0, 0, 5, 27.08, 29097, 1471, 0, 0
3221, 0, 447, 520, 443, 215, 4.78%, 0, 0, 5, 27.17, 29237, 1472, 0, 0
3226, 0, 447, 521, 444, 215, 4.78%, 0, 0, 5, 26.00, 29371, 1472, 0, 0
3231, 0, 447, 523, 446, 215, 4.78%, 0, 0, 5, 26.96, 29512, 1473, 0, 0
3236, 0, 447, 525, 448, 215, 4.78%, 0, 0, 5, 26.77, 29649, 1473, 0, 0
3241, 0, 447, 528, 451, 215, 4.79%, 0, 0, 5, 26.29, 29780, 1475, 0, 0
3246, 0, 447, 529, 452, 215, 4.79%, 0, 0, 5, 24.79, 29905, 1475, 0, 0
3251, 0, 447, 529, 452, 215, 4.79%, 0, 0, 5, 26.57, 30040, 1475, 0, 0
3257, 0, 447, 530, 453, 215, 4.79%, 0, 0, 5, 26.88, 30188, 1475, 0, 0
3262, 0, 447, 531, 454, 215, 4.79%, 0, 0, 5, 27.43, 30326, 1475, 0, 0
3267, 0, 447, 532, 455, 215, 4.79%, 0, 0, 5, 27.01, 30460, 1475, 0, 0
3272, 0, 447, 534, 457, 215, 4.79%, 0, 0, 5, 26.81, 30594, 1475, 0, 0
3277, 0, 447, 535, 458, 215, 4.79%, 0, 0, 5, 26.83, 30732, 1475, 0, 0
3282, 0, 447, 535, 458, 215, 4.79%, 0, 0, 5, 26.74, 30865, 1475, 0, 0
3287, 0, 447, 535, 458, 215, 4.79%, 0, 0, 5, 26.93, 31003, 1475, 0, 0
3292, 0, 447, 536, 459, 215, 4.79%, 0, 0, 5, 26.77, 31138, 1476, 0, 0
3297, 0, 447, 536, 459, 215, 4.79%, 0, 0, 5, 26.54, 31270, 1476, 0, 0
3303, 0, 447, 537, 460, 215, 4.79%, 0, 0, 5, 25.79, 31412, 1476, 0, 0
3308, 0, 447, 538, 461, 215, 4.79%, 0, 0, 5, 27.11, 31551, 1476, 0, 0
3313, 0, 447, 539, 462, 215, 4.79%, 0, 0, 5, 25.74, 31682, 1477, 0, 0
3319, 0, 128, 540, 462, 219, 4.80%, 0, 0, 5, 26.42, 31821, 1478, 0, 0
3325, 0, 237, 541, 461, 218, 4.80%, 0, 0, 5, 27.15, 32001, 1478, 0, 0
3330, 0, 237, 543, 463, 218, 4.80%, 0, 0, 5, 26.49, 32135, 1478, 0, 0
3335, 0, 237, 545, 465, 218, 4.80%, 0, 0, 5, 25.11, 32261, 1479, 0, 0
3340, 0, 237, 545, 465, 218, 4.80%, 0, 0, 5, 24.85, 32390, 1479, 0, 0
3345, 0, 237, 545, 465, 218, 4.80%, 0, 0, 5, 25.20, 32518, 1479, 0, 0
3351, 0, 237, 546, 466, 218, 4.81%, 0, 0, 5, 25.10, 32655, 1481, 0, 0
3356, 0, 237, 547, 467, 218, 4.81%, 0, 0, 5, 24.70, 32779, 1481, 0, 0
3361, 0, 237, 547, 467, 218, 4.81%, 0, 0, 5, 24.53, 32904, 1481, 0, 0
3366, 0, 237, 547, 467, 218, 4.81%, 0, 0, 5, 23.80, 33023, 1481, 0, 0
3371, 0, 237, 547, 467, 218, 4.81%, 0, 0, 5, 24.13, 33144, 1481, 0, 0
3376, 0, 237, 548, 468, 218, 4.81%, 0, 0, 5, 24.22, 33269, 1481, 0, 0
3381, 0, 237, 548, 468, 218, 4.81%, 0, 0, 5, 24.34, 33393, 1481, 0, 0
3387, 0, 237, 549, 469, 218, 4.81%, 0, 0, 5, 24.29, 33516, 1481, 0, 0
3392, 0, 237, 549, 469, 218, 4.81%, 0, 0, 5, 24.36, 33636, 1481, 0, 0
3397, 0, 237, 551, 471, 218, 4.81%, 0, 0, 5, 24.95, 33763, 1482, 0, 0
3402, 0, 237, 551, 471, 218, 4.81%, 0, 0, 5, 24.10, 33883, 1482, 0, 0
3407, 0, 237, 552, 472, 218, 4.81%, 0, 0, 5, 24.50, 34007, 1482, 0, 0
3412, 0, 237, 553, 473, 218, 4.81%, 0, 0, 5, 24.69, 34133, 1483, 0, 0
3417, 0, 237, 554, 474, 218, 4.82%, 0, 0, 5, 24.65, 34255, 1484, 0, 0
3422, 0, 237, 554, 474, 218, 4.82%, 0, 0, 5, 23.84, 34377, 1484, 0, 0
3427, 0, 237, 554, 474, 218, 4.82%, 0, 0, 5, 23.53, 34499, 1484, 0, 0
3432, 0, 237, 555, 475, 218, 4.82%, 0, 0, 5, 24.92, 34630, 1484, 0, 0
3439, 0, 131, 555, 474, 221, 4.82%, 0, 0, 5, 24.36, 34789, 1484, 0, 0
3444, 0, 394, 555, 473, 220, 4.82%, 0, 0, 5, 24.14, 34914, 1484, 0, 0
3449, 0, 394, 558, 476, 220, 4.84%, 0, 0, 5, 24.82, 35043, 1491, 0, 0
3455, 0, 394, 562, 480, 220, 4.87%, 0, 0, 5, 24.53, 35175, 1500, 0, 0
3460, 0, 394, 562, 480, 220, 4.87%, 0, 0, 5, 24.17, 35296, 1500, 0, 0
3465, 0, 394, 562, 480, 220, 4.87%, 0, 0, 5, 23.46, 35416, 1500, 0, 0
3470, 0, 394, 562, 480, 220, 4.87%, 0, 0, 5, 24.56, 35543, 1500, 0, 0
3475, 0, 394, 562, 480, 220, 4.87%, 0, 0, 5, 23.72, 35663, 1500, 0, 0
3481, 0, 140, 563, 480, 223, 4.88%, 0, 0, 5, 24.44, 35811, 1505, 0, 0
3488, 0, 272, 563, 478, 222, 4.88%, 0, 0, 5, 24.13, 35981, 1505, 0, 0
3493, 0, 188, 563, 477, 221, 4.88%, 0, 0, 5, 24.20, 36109, 1505, 0, 0
3498, 0, 319, 563, 475, 219, 4.88%, 0, 0, 5, 24.11, 36230, 1505, 0, 0
3504, 0, 555, 563, 474, 218, 4.88%, 0, 0, 5, 24.19, 36372, 1505, 0, 0
3511, 0, 268, 563, 473, 217, 4.88%, 0, 0, 5, 24.27, 36538, 1505, 0, 0
3516, 0, 560, 563, 472, 216, 4.88%, 0, 0, 5, 25.00, 36665, 1505, 0, 0
3522, 0, 143, 565, 473, 216, 4.89%, 0, 0, 5, 24.61, 36813, 1507, 0, 0
3527, 0, 363, 566, 472, 215, 4.90%, 0, 0, 5, 24.83, 36939, 1509, 0, 0
3532, 0, 153, 566, 469, 213, 4.90%, 0, 0, 5, 23.82, 37062, 1509, 0, 0
3538, 0, 455, 566, 468, 212, 4.90%, 0, 0, 5, 24.26, 37192, 1509, 0, 0
3544, 0, 382, 566, 467, 211, 4.90%, 0, 0, 5, 24.81, 37344, 1509, 0, 0
3549, 0, 154, 567, 466, 210, 4.90%, 0, 0, 5, 25.38, 37476, 1510, 0, 0
3555, 0, 156, 567, 464, 208, 4.90%, 0, 0, 5, 25.01, 37623, 1510, 0, 0
3560, 0, 258, 567, 462, 206, 4.90%, 0, 0, 5, 24.89, 37752, 1510, 0, 0
3566, 0, 498, 567, 461, 205, 4.90%, 0, 0, 5, 25.04, 37897, 1510, 0, 0
3572, 0, 324, 567, 460, 204, 4.90%, 0, 0, 5, 24.14, 38047, 1510, 0, 0
3577, 0, 566, 567, 459, 203, 4.90%, 0, 0, 5, 24.73, 38172, 1510, 0, 0
3582, 0, 566, 568, 460, 203, 4.90%, 0, 0, 6, 24.15, 38295, 1510, 0, 0
3587, 0, 566, 568, 460, 203, 4.90%, 0, 0, 6, 27.29, 38443, 1510, 0, 0
3592, 0, 566, 568, 460, 203, 4.90%, 0, 0, 6, 28.49, 38588, 1510, 0, 0
3597, 0, 552, 568, 459, 202, 4.90%, 0, 0, 6, 27.13, 38716, 1510, 0, 0
3603, 0, 552, 569, 460, 202, 4.90%, 0, 0, 6, 24.73, 38836, 1511, 0, 0
3609, 0, 158, 569, 458, 201, 4.90%, 0, 0, 6, 24.17, 38984, 1511, 0, 0
3615, 0, 160, 569, 456, 199, 4.90%, 0, 0, 6, 24.25, 39149, 1511, 0, 0
3621, 0, 538, 569, 455, 198, 4.90%, 0, 0, 6, 24.97, 39279, 1511, 0, 0
3626, 0, 538, 569, 455, 198, 4.90%, 0, 0, 6, 24.16, 39402, 1511, 0, 0
3631, 0, 538, 569, 455, 198, 4.90%, 0, 0, 6, 26.48, 39538, 1511, 0, 0
3636, 0, 538, 569, 455, 198, 4.90%, 0, 0, 6, 25.79, 39666, 1511, 0, 0
3641, 0, 538, 569, 455, 198, 4.90%, 0, 0, 6, 25.92, 39802, 1511, 0, 0
3646, 0, 538, 569, 455, 198, 4.90%, 0, 0, 6, 26.54, 39937, 1511, 0, 0
3653, 0, 179, 569, 453, 196, 4.90%, 0, 0, 6, 26.35, 40099, 1511, 0, 0
3660, 0, 358, 569, 451, 194, 4.90%, 0, 0, 6, 25.32, 40280, 1511, 0, 0
3665, 0, 527, 569, 450, 193, 4.90%, 0, 0, 6, 24.64, 40404, 1511, 0, 0
3670, 0, 527, 569, 450, 193, 4.90%, 0, 0, 6, 24.66, 40528, 1511, 0, 0
3675, 0, 527, 569, 450, 193, 4.90%, 0, 0, 6, 25.11, 40657, 1511, 0, 0
3680, 0, 527, 569, 450, 193, 4.90%, 0, 0, 6, 26.53, 40793, 1511, 0, 0
3685, 0, 527, 569, 450, 193, 4.90%, 0, 0, 6, 26.85, 40929, 1511, 0, 0
3692, 0, 373, 570, 450, 192, 4.90%, 0, 0, 6, 25.29, 41099, 1511, 0, 0
3697, 0, 404, 570, 448, 190, 4.90%, 0, 0, 6, 25.15, 41226, 1511, 0, 0
3702, 0, 404, 570, 448, 190, 4.90%, 0, 0, 6, 24.23, 41348, 1511, 0, 0
3707, 0, 404, 571, 449, 190, 4.91%, 0, 0, 6, 23.72, 41462, 1512, 0, 0
3712, 0, 161, 571, 448, 190, 4.91%, 0, 0, 6, 24.56, 41585, 1512, 0, 0
3718, 0, 412, 571, 447, 189, 4.91%, 0, 0, 6, 25.19, 41718, 1512, 0, 0
3723, 0, 412, 572, 448, 189, 4.91%, 0, 0, 6, 15.99, 41843, 1513, 0, 0
3728, 0, 412, 573, 449, 189, 4.91%, 0, 0, 6, 22.66, 41975, 1514, 0, 0
3733, 0, 412, 575, 451, 189, 4.92%, 0, 0, 6, 25.00, 42108, 1515, 0, 0
3738, 0, 412, 576, 452, 189, 4.92%, 0, 0, 6, 24.94, 42237, 1516, 0, 0
3744, 0, 412, 576, 452, 189, 4.92%, 0, 0, 6, 25.63, 42370, 1516, 0, 0
3749, 0, 412, 576, 452, 189, 4.92%, 0, 0, 6, 25.71, 42500, 1516, 0, 0
3754, 0, 412, 577, 453, 189, 4.93%, 0, 0, 6, 26.30, 42636, 1518, 0, 0
3759, 0, 412, 577, 453, 189, 4.93%, 0, 0, 6, 26.13, 42766, 1518, 0, 0
3764, 0, 412, 578, 454, 189, 4.93%, 0, 0, 6, 25.56, 42910, 1519, 0, 0
3770, 0, 412, 578, 454, 189, 4.93%, 0, 0, 6, 26.84, 43050, 1519, 0, 0
3775, 0, 412, 578, 454, 189, 4.93%, 0, 0, 6, 25.88, 43178, 1519, 0, 0
3780, 0, 412, 578, 454, 189, 4.93%, 0, 0, 6, 25.12, 43301, 1519, 0, 0
3785, 0, 412, 578, 454, 189, 4.93%, 0, 0, 6, 24.01, 43425, 1519, 0, 0
3790, 0, 412, 578, 454, 189, 4.93%, 0, 0, 6, 25.38, 43556, 1519, 0, 0
3795, 0, 412, 578, 454, 189, 4.93%, 0, 0, 6, 26.00, 43691, 1519, 0, 0
3801, 0, 162, 578, 453, 193, 4.93%, 0, 0, 6, 24.99, 43831, 1519, 0, 0
3806, 0, 391, 578, 452, 192, 4.93%, 0, 0, 6, 25.63, 43966, 1519, 0, 0
3813, 0, 266, 578, 451, 191, 4.93%, 0, 0, 6, 24.86, 44130, 1519, 0, 0
3818, 0, 406, 578, 450, 190, 4.93%, 0, 0, 6, 24.87, 44261, 1519, 0, 0
3824, 0, 178, 578, 449, 189, 4.93%, 0, 0, 6, 25.14, 44420, 1519, 0, 0
3829, 0, 411, 578, 448, 188, 4.93%, 0, 0, 6, 25.27, 44543, 1519, 0, 0
3834, 0, 411, 578, 448, 188, 4.93%, 0, 0, 6, 25.11, 44665, 1519, 0, 0
3839, 0, 303, 579, 447, 186, 4.93%, 0, 0, 6, 24.97, 44795, 1519, 0, 0
3845, 0, 416, 580, 447, 185, 4.93%, 0, 0, 6, 24.04, 44916, 1519, 0, 0
3850, 0, 416, 580, 447, 185, 4.93%, 0, 0, 6, 23.74, 45033, 1519, 0, 0
3855, 0, 369, 580, 445, 183, 4.93%, 0, 0, 6, 25.19, 45163, 1519, 0, 0
3860, 0, 165, 581, 445, 183, 4.93%, 0, 0, 6, 24.98, 45299, 1520, 0, 0
3866, 0, 165, 589, 452, 182, 5.06%, 0, 0, 6, 24.65, 45433, 1559, 0, 0
3871, 0, 165, 597, 460, 182, 5.11%, 0, 0, 6, 25.03, 45564, 1575, 0, 0
3876, 0, 165, 607, 470, 182, 5.14%, 0, 0, 6, 26.09, 45706, 1585, 0, 0
3881, 0, 165, 618, 481, 182, 5.15%, 0, 0, 6, 26.61, 45853, 1588, 0, 0
3886, 0, 165, 628, 491, 182, 5.22%, 0, 0, 6, 26.17, 45985, 1608, 0, 0
3892, 0, 165, 638, 501, 182, 5.37%, 0, 0, 6, 26.45, 46117, 1654, 0, 0
3897, 0, 165, 648, 511, 182, 5.42%, 0, 0, 6, 25.86, 46249, 1669, 0, 0
3902, 0, 165, 658, 521, 182, 5.46%, 0, 0, 6, 25.45, 46382, 1683, 0, 0
3907, 0, 165, 667, 530, 182, 5.49%, 0, 0, 6, 25.28, 46504, 1692, 0, 0
3912, 0, 166, 675, 538, 247, 5.54%, 0, 0, 6, 25.06, 46634, 1706, 0, 0
3917, 0, 167, 675, 537, 246, 5.54%, 0, 0, 6, 24.98, 46759, 1706, 0, 0
3922, 0, 627, 675, 536, 245, 5.54%, 0, 0, 6, 24.70, 46887, 1706, 0, 0
3927, 0, 415, 675, 535, 244, 5.54%, 0, 0, 6, 24.31, 47006, 1706, 0, 0
3933, 0, 415, 675, 535, 244, 5.54%, 0, 0, 6, 26.19, 47128, 1706, 0, 0
3940, 0, 581, 676, 534, 242, 5.54%, 0, 0, 6, 25.21, 47313, 1706, 0, 0
3945, 0, 172, 676, 533, 242, 5.54%, 0, 0, 6, 26.90, 47425, 1706, 0, 0
3951, 0, 316, 676, 532, 241, 5.54%, 0, 0, 6, 24.95, 47569, 1706, 0, 0
3957, 0, 574, 676, 531, 240, 5.54%, 0, 0, 6, 23.23, 47689, 1706, 0, 0
3962, 0, 673, 676, 530, 239, 5.54%, 0, 0, 6, 24.26, 47815, 1706, 0, 0
3967, 0, 238, 676, 529, 238, 5.54%, 0, 0, 6, 25.03, 47931, 1706, 0, 0
3972, 0, 480, 677, 529, 237, 5.54%, 0, 0, 6, 25.64, 48059, 1706, 0, 0
3977, 0, 320, 678, 529, 236, 5.54%, 0, 0, 6, 26.03, 48192, 1706, 0, 0
3983, 0, 585, 679, 529, 235, 5.54%, 0, 0, 6, 26.01, 48340, 1706, 0, 0
3988, 0, 585, 681, 531, 235, 5.54%, 0, 0, 6, 23.13, 48463, 1706, 0, 0
3993, 0, 585, 690, 540, 235, 5.54%, 0, 0, 6, 33.47, 48644, 1708, 0, 0
3998, 0, 585, 696, 546, 235, 5.54%, 0, 0, 6, 49.07, 48922, 1708, 0, 0
4003, 0, 585, 700, 550, 235, 5.55%, 0, 0, 6, 39.39, 49118, 1709, 0, 0
4065, 0, 362, 753, 603, 235, 5.71%, 0, 0, 6, 24.16, 50671, 1760, 0, 0
4070, 0, 362, 756, 606, 235, 5.71%, 0, 0, 6, 23.94, 50788, 1760, 0, 0
4076, 0, 362, 756, 606, 235, 5.71%, 0, 0, 6, 23.94, 50912, 1760, 0, 0
4081, 0, 362, 758, 608, 235, 5.72%, 0, 0, 6, 24.88, 51055, 1762, 0, 0
4086, 0, 362, 758, 608, 235, 5.72%, 0, 0, 6, 25.11, 51183, 1762, 0, 0
4091, 0, 362, 759, 609, 235, 5.72%, 0, 0, 6, 24.49, 51305, 1762, 0, 0
4097, 0, 362, 760, 610, 235, 5.72%, 0, 0, 6, 23.94, 51426, 1762, 0, 0
4102, 0, 362, 761, 611, 235, 5.73%, 0, 0, 6, 24.17, 51547, 1764, 0, 0
4107, 0, 362, 761, 611, 235, 5.73%, 0, 0, 6, 24.64, 51673, 1764, 0, 0
4112, 0, 362, 761, 611, 235, 5.73%, 0, 0, 6, 24.13, 51794, 1764, 0, 0
4117, 0, 362, 762, 612, 235, 5.73%, 0, 0, 6, 24.40, 51920, 1764, 0, 0
4122, 0, 362, 762, 612, 235, 5.73%, 0, 0, 6, 23.81, 52040, 1764, 0, 0
4127, 0, 362, 763, 613, 235, 5.73%, 0, 0, 6, 24.51, 52166, 1764, 0, 0
4132, 0, 362, 763, 613, 235, 5.73%, 0, 0, 6, 24.49, 52293, 1764, 0, 0
4137, 0, 362, 763, 613, 235, 5.73%, 0, 0, 6, 24.67, 52416, 1764, 0, 0
4142, 0, 362, 765, 615, 235, 5.73%, 0, 0, 6, 24.59, 52540, 1764, 0, 0
4147, 0, 362, 766, 616, 235, 5.73%, 0, 0, 6, 24.60, 52664, 1764, 0, 0
4153, 0, 362, 767, 617, 235, 5.73%, 0, 0, 6, 24.13, 52793, 1764, 0, 0
4158, 0, 362, 768, 618, 235, 5.73%, 0, 0, 6, 24.91, 52923, 1765, 0, 0
4163, 0, 362, 768, 618, 235, 5.73%, 0, 0, 6, 24.89, 53047, 1765, 0, 0
4168, 0, 362, 769, 619, 235, 5.73%, 0, 0, 6, 24.23, 53169, 1766, 0, 0
4173, 0, 362, 769, 619, 235, 5.73%, 0, 0, 6, 24.50, 53297, 1766, 0, 0
4178, 0, 362, 770, 620, 235, 5.73%, 0, 0, 6, 24.11, 53419, 1766, 0, 0
4183, 0, 362, 771, 621, 235, 5.73%, 0, 0, 6, 24.11, 53540, 1766, 0, 0
4189, 0, 362, 771, 621, 235, 5.73%, 0, 0, 6, 24.70, 53669, 1766, 0, 0
4194, 0, 362, 772, 622, 235, 5.73%, 0, 0, 6, 23.68, 53790, 1766, 0, 0
4199, 0, 362, 772, 622, 235, 5.73%, 0, 0, 6, 23.61, 53909, 1766, 0, 0
4204, 0, 362, 772, 622, 235, 5.73%, 0, 0, 6, 24.16, 54035, 1766, 0, 0
4209, 0, 362, 772, 622, 235, 5.73%, 0, 0, 6, 24.42, 54158, 1766, 0, 0
4214, 0, 362, 772, 622, 235, 5.73%, 0, 0, 6, 24.34, 54281, 1766, 0, 0
4219, 0, 362, 772, 622, 235, 5.73%, 0, 0, 6, 24.89, 54409, 1766, 0, 0
4224, 0, 362, 774, 624, 235, 5.73%, 0, 0, 6, 22.92, 54526, 1766, 0, 0
4230, 0, 362, 774, 624, 235, 5.73%, 0, 0, 6, 24.39, 54655, 1766, 0, 0
4235, 0, 362, 775, 625, 235, 5.73%, 0, 0, 6, 24.61, 54780, 1766, 0, 0
4240, 0, 362, 776, 626, 235, 5.74%, 0, 0, 6, 24.53, 54903, 1767, 0, 0
4245, 0, 362, 777, 627, 235, 5.74%, 0, 0, 6, 24.28, 55029, 1767, 0, 0
4250, 0, 362, 777, 627, 235, 5.74%, 0, 0, 6, 24.11, 55151, 1767, 0, 0
4255, 0, 362, 777, 627, 235, 5.74%, 0, 0, 6, 22.46, 55262, 1767, 0, 0
4260, 0, 362, 777, 627, 235, 5.74%, 0, 0, 6, 23.02, 55378, 1767, 0, 0
4265, 0, 362, 777, 627, 235, 5.74%, 0, 0, 6, 22.96, 55494, 1767, 0, 0
4270, 0, 362, 777, 627, 235, 5.74%, 0, 0, 6, 23.74, 55615, 1767, 0, 0
4275, 0, 362, 777, 627, 235, 5.74%, 0, 0, 6, 24.70, 55746, 1767, 0, 0
4280, 0, 362, 777, 627, 235, 5.74%, 0, 0, 6, 24.47, 55868, 1767, 0, 0
4286, 0, 362, 777, 627, 235, 5.74%, 0, 0, 6, 24.55, 55994, 1767, 0, 0
4291, 0, 362, 777, 627, 235, 5.74%, 0, 0, 6, 24.29, 56119, 1767, 0, 0
4296, 0, 362, 777, 627, 235, 5.74%, 0, 0, 6, 24.76, 56246, 1767, 0, 0
4301, 0, 362, 779, 629, 235, 5.74%, 0, 0, 6, 24.38, 56375, 1768, 0, 0
4306, 0, 362, 781, 631, 235, 5.74%, 0, 0, 6, 24.74, 56500, 1769, 0, 0
4311, 0, 362, 783, 633, 235, 5.74%, 0, 0, 6, 26.17, 56632, 1769, 0, 0
4316, 0, 362, 783, 633, 235, 5.74%, 0, 0, 6, 23.90, 56747, 1769, 0, 0
4322, 0, 362, 784, 634, 235, 5.74%, 0, 0, 6, 23.99, 56872, 1769, 0, 0
4327, 0, 362, 785, 635, 235, 5.75%, 0, 0, 6, 24.79, 57000, 1771, 0, 0
4332, 0, 362, 785, 635, 235, 5.75%, 0, 0, 6, 24.16, 57124, 1771, 0, 0
4337, 0, 362, 785, 635, 235, 5.75%, 0, 0, 6, 24.52, 57248, 1771, 0, 0
4342, 0, 362, 785, 635, 235, 5.75%, 0, 0, 6, 24.90, 57374, 1771, 0, 0
4347, 0, 362, 785, 635, 235, 5.75%, 0, 0, 6, 24.54, 57499, 1771, 0, 0
4352, 0, 362, 785, 635, 235, 5.75%, 0, 0, 6, 24.83, 57627, 1771, 0, 0
4357, 0, 362, 785, 635, 235, 5.75%, 0, 0, 6, 24.58, 57750, 1771, 0, 0
4363, 0, 362, 786, 636, 235, 5.75%, 0, 0, 6, 24.25, 57874, 1772, 0, 0
4368, 0, 362, 787, 637, 235, 5.75%, 0, 0, 6, 23.92, 57996, 1772, 0, 0
4373, 0, 362, 788, 638, 235, 5.85%, 0, 0, 6, 24.04, 58120, 1802, 0, 0
4378, 0, 362, 788, 638, 235, 5.85%, 0, 0, 6, 24.69, 58245, 1802, 0, 0
4383, 0, 362, 791, 641, 235, 5.85%, 0, 0, 6, 24.06, 58366, 1803, 0, 0
4388, 0, 362, 791, 641, 235, 5.85%, 0, 0, 6, 23.85, 58486, 1803, 0, 0
4393, 0, 362, 791, 641, 235, 5.85%, 0, 0, 6, 24.30, 58609, 1803, 0, 0
4398, 0, 362, 791, 641, 235, 5.85%, 0, 0, 6, 23.93, 58733, 1803, 0, 0
4403, 0, 362, 792, 642, 235, 5.85%, 0, 0, 6, 24.26, 58855, 1803, 0, 0
4409, 0, 362, 793, 643, 235, 5.86%, 0, 0, 6, 24.25, 58979, 1804, 0, 0
4414, 0, 362, 793, 643, 235, 5.86%, 0, 0, 6, 24.45, 59106, 1804, 0, 0
4419, 0, 362, 793, 643, 235, 5.86%, 0, 0, 6, 24.12, 59230, 1804, 0, 0
4424, 0, 362, 794, 644, 235, 5.86%, 0, 0, 6, 24.35, 59355, 1804, 0, 0
4429, 0, 362, 794, 644, 235, 5.86%, 0, 0, 6, 24.45, 59479, 1804, 0, 0
4434, 0, 362, 795, 645, 235, 5.86%, 0, 0, 6, 24.00, 59606, 1804, 0, 0
4439, 0, 362, 795, 645, 235, 5.86%, 0, 0, 6, 23.96, 59726, 1804, 0, 0
4444, 0, 362, 796, 646, 235, 5.86%, 0, 0, 6, 24.07, 59849, 1804, 0, 0
4450, 0, 362, 796, 646, 235, 5.86%, 0, 0, 6, 24.25, 59975, 1804, 0, 0
4455, 0, 362, 796, 646, 235, 5.86%, 0, 0, 6, 24.39, 60097, 1804, 0, 0
4460, 0, 362, 797, 647, 235, 5.86%, 0, 0, 6, 24.18, 60222, 1804, 0, 0
4465, 0, 362, 798, 648, 235, 5.86%, 0, 0, 6, 24.33, 60358, 1804, 0, 0
4470, 0, 362, 798, 648, 235, 5.86%, 0, 0, 6, 24.31, 60480, 1804, 0, 0
4475, 0, 362, 798, 648, 235, 5.86%, 0, 0, 6, 24.79, 60604, 1804, 0, 0
4480, 0, 362, 798, 648, 235, 5.86%, 0, 0, 6, 24.75, 60731, 1804, 0, 0
4486, 0, 362, 800, 650, 235, 5.86%, 0, 0, 6, 24.17, 60850, 1805, 0, 0
4491, 0, 362, 801, 651, 235, 5.86%, 0, 0, 6, 24.24, 60971, 1806, 0, 0
4496, 0, 362, 801, 651, 235, 5.86%, 0, 0, 6, 23.91, 61092, 1806, 0, 0
4501, 0, 362, 801, 651, 235, 5.86%, 0, 0, 6, 24.29, 61216, 1806, 0, 0
4506, 0, 362, 801, 651, 235, 5.86%, 0, 0, 6, 24.71, 61344, 1806, 0, 0
4511, 0, 362, 801, 651, 235, 5.86%, 0, 0, 6, 24.78, 61469, 1806, 0, 0
4516, 0, 362, 802, 652, 235, 5.86%, 0, 0, 6, 24.58, 61599, 1806, 0, 0
4521, 0, 362, 802, 652, 235, 5.86%, 0, 0, 6, 24.58, 61727, 1806, 0, 0
4527, 0, 362, 802, 652, 235, 5.86%, 0, 0, 6, 24.53, 61853, 1806, 0, 0
4532, 0, 362, 803, 653, 235, 5.86%, 0, 0, 6, 24.90, 61980, 1806, 0, 0
4537, 0, 362, 803, 653, 235, 5.86%, 0, 0, 6, 25.10, 62107, 1806, 0, 0
4542, 0, 362, 803, 653, 235, 5.86%, 0, 0, 6, 24.58, 62232, 1806, 0, 0
4547, 0, 362, 804, 654, 235, 5.86%, 0, 0, 6, 24.88, 62355, 1806, 0, 0
4552, 0, 362, 804, 654, 235, 5.86%, 0, 0, 6, 22.77, 62474, 1806, 0, 0
4557, 0, 362, 804, 654, 235, 5.86%, 0, 0, 6, 23.68, 62594, 1806, 0, 0
4562, 0, 362, 804, 654, 235, 5.86%, 0, 0, 6, 24.48, 62719, 1806, 0, 0
4567, 0, 362, 804, 654, 235, 5.86%, 0, 0, 6, 24.63, 62849, 1806, 0, 0
4572, 0, 362, 804, 654, 235, 5.86%, 0, 0, 6, 23.55, 62966, 1806, 0, 0
4578, 0, 362, 804, 654, 235, 5.86%, 0, 0, 6, 24.32, 63094, 1806, 0, 0
4583, 0, 362, 804, 654, 235, 5.86%, 0, 0, 6, 24.49, 63221, 1806, 0, 0
4588, 0, 700, 804, 653, 72, 5.86%, 0, 0, 6, 24.60, 63360, 1806, 0, 0
4593, 0, 700, 804, 653, 72, 5.86%, 0, 0, 6, 25.23, 63468, 1806, 0, 0
4599, 0, 700, 804, 653, 72, 5.86%, 0, 0, 6, 25.65, 63600, 1806, 0, 0
4604, 0, 700, 804, 653, 72, 5.86%, 0, 0, 6, 24.91, 63724, 1806, 0, 0
4609, 0, 700, 804, 653, 72, 5.86%, 0, 0, 6, 24.71, 63851, 1806, 0, 0
4614, 0, 775, 805, 653, 71, 5.86%, 0, 0, 6, 24.48, 63968, 1806, 0, 0
4619, 0, 775, 806, 654, 71, 5.86%, 0, 0, 6, 24.13, 64093, 1806, 0, 0
4624, 0, 775, 807, 655, 71, 5.86%, 0, 0, 6, 24.18, 64217, 1806, 0, 0
4631, 0, 701, 807, 654, 72, 5.86%, 0, 0, 6, 25.36, 64381, 1806, 0, 0
4636, 0, 701, 808, 655, 72, 5.86%, 0, 0, 6, 25.54, 64505, 1806, 0, 0
4641, 0, 701, 809, 656, 72, 5.87%, 0, 0, 6, 25.05, 64630, 1807, 0, 0
4646, 0, 701, 810, 657, 72, 5.87%, 0, 0, 6, 25.07, 64758, 1809, 0, 0
4651, 0, 701, 810, 657, 72, 5.87%, 0, 0, 6, 24.57, 64881, 1809, 0, 0
4656, 0, 701, 812, 659, 72, 5.87%, 0, 0, 6, 24.64, 65010, 1809, 0, 0
4661, 0, 701, 813, 660, 72, 5.87%, 0, 0, 6, 25.28, 65139, 1809, 0, 0
4667, 0, 701, 814, 661, 72, 5.87%, 0, 0, 6, 24.58, 65266, 1809, 0, 0
4672, 0, 701, 815, 662, 72, 5.87%, 0, 0, 6, 24.76, 65390, 1810, 0, 0
4677, 0, 701, 815, 662, 72, 5.87%, 0, 0, 6, 24.78, 65513, 1810, 0, 0
4682, 0, 701, 815, 662, 72, 5.87%, 0, 0, 6, 24.53, 65636, 1810, 0, 0
4687, 0, 701, 817, 664, 72, 5.87%, 0, 0, 6, 24.25, 65758, 1810, 0, 0
4692, 0, 701, 817, 664, 72, 5.87%, 0, 0, 6, 23.99, 65882, 1810, 0, 0
4697, 0, 701, 818, 665, 72, 5.87%, 0, 0, 6, 24.78, 66009, 1810, 0, 0
4702, 0, 701, 819, 666, 72, 5.87%, 0, 0, 6, 25.06, 66139, 1810, 0, 0
4707, 0, 701, 819, 666, 72, 5.87%, 0, 0, 6, 24.84, 66263, 1810, 0, 0
4712, 0, 701, 820, 667, 72, 5.87%, 0, 0, 6, 24.39, 66384, 1810, 0, 0
4717, 0, 701, 820, 667, 72, 5.87%, 0, 0, 6, 24.96, 66510, 1810, 0, 0
4722, 0, 701, 821, 668, 72, 5.88%, 0, 0, 6, 24.72, 66636, 1811, 0, 0
4728, 0, 701, 821, 668, 72, 5.88%, 0, 0, 6, 25.65, 66768, 1811, 0, 0
4733, 0, 701, 822, 669, 72, 5.88%, 0, 0, 6, 24.46, 66894, 1812, 0, 0
4738, 0, 701, 824, 671, 72, 5.89%, 0, 0, 6, 24.72, 67022, 1814, 0, 0
4743, 0, 701, 825, 672, 72, 5.89%, 0, 0, 6, 24.58, 67147, 1814, 0, 0
4748, 0, 701, 826, 673, 72, 5.89%, 0, 0, 6, 24.84, 67275, 1814, 0, 0
4753, 0, 701, 826, 673, 72, 5.89%, 0, 0, 6, 25.04, 67402, 1814, 0, 0
4758, 0, 701, 828, 675, 72, 5.89%, 0, 0, 6, 24.35, 67523, 1814, 0, 0
4763, 0, 701, 829, 676, 72, 5.89%, 0, 0, 6, 24.69, 67651, 1814, 0, 0
4769, 0, 701, 831, 678, 72, 5.89%, 0, 0, 6, 24.44, 67777, 1814, 0, 0
4774, 0, 701, 832, 679, 72, 5.89%, 0, 0, 6, 24.22, 67905, 1814, 0, 0
4779, 0, 701, 832, 679, 72, 5.89%, 0, 0, 6, 24.54, 68034, 1814, 0, 0
4784, 0, 701, 832, 679, 72, 5.89%, 0, 0, 6, 25.25, 68162, 1814, 0, 0
4789, 0, 701, 832, 679, 72, 5.89%, 0, 0, 6, 24.69, 68286, 1814, 0, 0
4794, 0, 701, 832, 679, 72, 5.89%, 0, 0, 6, 24.62, 68414, 1814, 0, 0
4799, 0, 701, 832, 679, 72, 5.89%, 0, 0, 6, 24.06, 68537, 1814, 0, 0
4804, 0, 701, 832, 679, 72, 5.89%, 0, 0, 6, 24.77, 68662, 1814, 0, 0
4810, 0, 701, 832, 679, 72, 5.89%, 0, 0, 6, 24.41, 68786, 1814, 0, 0
4815, 0, 701, 832, 679, 72, 5.89%, 0, 0, 6, 23.86, 68907, 1814, 0, 0
4820, 0, 701, 834, 681, 72, 5.89%, 0, 0, 6, 24.97, 69041, 1814, 0, 0
4825, 0, 701, 834, 681, 72, 5.89%, 0, 0, 6, 25.03, 69170, 1814, 0, 0
4830, 0, 701, 835, 682, 72, 5.89%, 0, 0, 6, 24.75, 69304, 1815, 0, 0
4836, 0, 701, 835, 682, 72, 5.89%, 0, 0, 6, 24.84, 69431, 1815, 0, 0
4841, 0, 701, 836, 683, 72, 5.89%, 0, 0, 6, 24.56, 69555, 1815, 0, 0
4846, 0, 701, 836, 683, 72, 5.89%, 0, 0, 6, 24.25, 69679, 1815, 0, 0
4851, 0, 701, 837, 684, 72, 5.89%, 0, 0, 6, 24.16, 69799, 1815, 0, 0
4856, 0, 701, 838, 685, 72, 5.89%, 0, 0, 6, 25.08, 69927, 1815, 0, 0
4861, 0, 701, 838, 685, 72, 5.89%, 0, 0, 6, 24.55, 70051, 1815, 0, 0
4866, 0, 701, 840, 687, 72, 5.89%, 0, 0, 6, 25.41, 70189, 1815, 0, 0
4872, 0, 701, 841, 688, 72, 5.89%, 0, 0, 6, 25.18, 70316, 1816, 0, 0
4877, 0, 701, 841, 688, 72, 5.89%, 0, 0, 6, 28.04, 70453, 1816, 0, 0
4878, 0, 701, 841, 688, 72, 5.89%, 0, 0, 6, 31.46, 70501, 1816, 0, 0
