# relative_time, cycles_done, cur_item, corpus_count, pending_total, pending_favs, map_size, saved_crashes, saved_hangs, max_depth, execs_per_sec, total_execs, edges_found, total_crashes, servers_count
60, 0, 2, 162, 159, 44, 2.78%, 0, 0, 2, 5.51, 2105, 856, 0, 0
65, 0, 2, 164, 161, 44, 2.78%, 0, 0, 2, 5.53, 2133, 858, 0, 0
72, 0, 2, 167, 164, 44, 2.80%, 0, 0, 2, 5.53, 2172, 864, 0, 0
78, 0, 2, 167, 164, 44, 2.80%, 0, 0, 2, 5.57, 2202, 864, 0, 0
83, 0, 2, 167, 164, 44, 2.80%, 0, 0, 2, 5.55, 2230, 864, 0, 0
88, 0, 2, 168, 165, 44, 2.81%, 0, 0, 2, 5.17, 2256, 866, 0, 0
94, 0, 2, 170, 167, 44, 2.82%, 0, 0, 2, 5.17, 2285, 868, 0, 0
101, 0, 2, 171, 168, 44, 2.84%, 0, 0, 2, 5.47, 2327, 874, 0, 0
106, 0, 2, 173, 170, 44, 2.86%, 0, 0, 2, 5.48, 2356, 881, 0, 0
113, 0, 2, 175, 172, 44, 2.87%, 0, 0, 2, 5.48, 2391, 885, 0, 0
118, 0, 2, 177, 174, 44, 2.90%, 0, 0, 2, 5.46, 2421, 892, 0, 0
124, 0, 2, 178, 175, 44, 2.90%, 0, 0, 2, 5.52, 2449, 893, 0, 0
129, 0, 2, 178, 175, 44, 2.90%, 0, 0, 2, 5.53, 2477, 893, 0, 0
134, 0, 2, 178, 175, 44, 2.90%, 0, 0, 2, 5.32, 2503, 893, 0, 0
139, 0, 2, 179, 176, 44, 2.90%, 0, 0, 2, 5.09, 2526, 893, 0, 0
146, 0, 2, 180, 177, 44, 2.91%, 0, 0, 2, 5.18, 2563, 898, 0, 0
151, 0, 2, 182, 179, 44, 2.95%, 0, 0, 2, 5.24, 2591, 910, 0, 0
156, 0, 2, 183, 180, 44, 2.96%, 0, 0, 2, 5.34, 2620, 912, 0, 0
161, 0, 2, 185, 182, 44, 2.97%, 0, 0, 2, 5.38, 2648, 914, 0, 0
166, 0, 2, 186, 183, 44, 2.97%, 0, 0, 2, 5.47, 2676, 915, 0, 0
172, 0, 2, 186, 183, 44, 2.97%, 0, 0, 2, 5.66, 2706, 915, 0, 0
189, 0, 2, 187, 184, 44, 2.97%, 0, 0, 2, 0.94, 2739, 915, 0, 0
194, 0, 2, 188, 185, 44, 2.97%, 0, 0, 2, 1.11, 2753, 915, 0, 0
199, 0, 2, 189, 186, 44, 2.97%, 0, 0, 2, 2.82, 2778, 915, 0, 0
205, 0, 2, 190, 187, 44, 2.99%, 0, 0, 2, 4.05, 2811, 922, 0, 0
211, 0, 2, 191, 188, 44, 3.00%, 0, 0, 2, 4.82, 2844, 924, 0, 0
216, 0, 2, 192, 189, 44, 3.01%, 0, 0, 2, 5.13, 2872, 926, 0, 0
221, 0, 2, 192, 189, 44, 3.01%, 0, 0, 2, 5.16, 2894, 926, 0, 0
227, 0, 2, 192, 189, 44, 3.01%, 0, 0, 2, 5.43, 2924, 926, 0, 0
232, 0, 2, 192, 189, 44, 3.01%, 0, 0, 2, 5.58, 2954, 926, 0, 0
237, 0, 2, 192, 189, 44, 3.01%, 0, 0, 2, 5.59, 2984, 926, 0, 0
243, 0, 2, 192, 189, 44, 3.01%, 0, 0, 2, 5.63, 3014, 926, 0, 0
248, 0, 2, 192, 189, 44, 3.01%, 0, 0, 2, 5.57, 3043, 926, 0, 0
253, 0, 2, 192, 189, 44, 3.01%, 0, 0, 2, 5.62, 3073, 926, 0, 0
259, 0, 2, 192, 189, 44, 3.01%, 0, 0, 2, 5.64, 3103, 926, 0, 0
264, 0, 2, 192, 189, 44, 3.01%, 0, 0, 2, 5.50, 3131, 926, 0, 0
269, 0, 2, 192, 189, 44, 3.01%, 0, 0, 2, 5.51, 3159, 926, 0, 0
274, 0, 2, 192, 189, 44, 3.01%, 0, 0, 2, 5.62, 3189, 926, 0, 0
279, 0, 2, 192, 189, 44, 3.01%, 0, 0, 2, 5.63, 3219, 926, 0, 0
284, 0, 2, 192, 189, 44, 3.01%, 0, 0, 2, 5.57, 3247, 926, 0, 0
290, 0, 2, 192, 189, 44, 3.01%, 0, 0, 2, 5.68, 3277, 926, 0, 0
295, 0, 2, 192, 189, 44, 3.01%, 0, 0, 2, 5.63, 3305, 926, 0, 0
301, 0, 2, 192, 189, 44, 3.01%, 0, 0, 2, 0.97, 3317, 926, 0, 0
307, 0, 2, 192, 189, 44, 3.01%, 0, 0, 2, 0.96, 3324, 926, 0, 0
312, 0, 2, 192, 189, 44, 3.01%, 0, 0, 2, 1.24, 3332, 926, 0, 0
326, 0, 2, 193, 190, 44, 3.01%, 0, 0, 2, 1.42, 3348, 926, 0, 0
340, 0, 2, 194, 191, 44, 3.01%, 0, 0, 2, 1.39, 3362, 926, 0, 0
346, 0, 2, 194, 191, 44, 3.01%, 0, 0, 2, 1.89, 3371, 926, 0, 0
360, 0, 2, 195, 192, 44, 3.01%, 0, 0, 2, 1.92, 3386, 926, 0, 0
373, 0, 2, 196, 193, 44, 3.01%, 0, 0, 2, 2.00, 3400, 926, 0, 0
379, 0, 2, 197, 194, 44, 3.01%, 0, 0, 2, 2.14, 3416, 926, 0, 0
392, 0, 2, 198, 195, 44, 3.01%, 0, 0, 2, 2.20, 3430, 926, 0, 0
405, 0, 2, 199, 196, 44, 3.01%, 0, 0, 2, 2.12, 3443, 926, 0, 0
421, 0, 2, 201, 198, 44, 3.01%, 0, 0, 2, 2.17, 3469, 926, 0, 0
437, 0, 2, 203, 200, 44, 3.01%, 0, 0, 2, 2.21, 3495, 926, 0, 0
442, 0, 2, 203, 200, 44, 3.01%, 0, 0, 2, 3.91, 3518, 926, 0, 0
448, 0, 2, 203, 200, 44, 3.01%, 0, 0, 2, 4.88, 3546, 926, 0, 0
453, 0, 2, 203, 200, 44, 3.01%, 0, 0, 2, 5.26, 3575, 926, 0, 0
458, 0, 2, 203, 200, 44, 3.01%, 0, 0, 2, 5.46, 3603, 926, 0, 0
463, 0, 2, 203, 200, 44, 3.01%, 0, 0, 2, 5.53, 3631, 926, 0, 0
468, 0, 2, 203, 200, 44, 3.01%, 0, 0, 2, 5.57, 3659, 926, 0, 0
474, 0, 2, 205, 202, 44, 3.01%, 0, 0, 2, 5.56, 3694, 928, 0, 0
479, 0, 2, 207, 204, 44, 3.02%, 0, 0, 2, 5.55, 3722, 931, 0, 0
484, 0, 2, 208, 205, 44, 3.03%, 0, 0, 2, 5.61, 3751, 932, 0, 0
489, 0, 2, 208, 205, 44, 3.03%, 0, 0, 2, 5.58, 3779, 932, 0, 0
495, 0, 2, 208, 205, 44, 3.03%, 0, 0, 2, 5.54, 3807, 932, 0, 0
500, 0, 2, 208, 205, 44, 3.03%, 0, 0, 2, 5.43, 3836, 932, 0, 0
505, 0, 2, 208, 205, 44, 3.03%, 0, 0, 2, 5.40, 3863, 932, 0, 0
510, 0, 2, 208, 205, 44, 3.03%, 0, 0, 2, 5.39, 3891, 932, 0, 0
515, 0, 2, 208, 205, 44, 3.03%, 0, 0, 2, 5.49, 3919, 932, 0, 0
520, 0, 2, 208, 205, 44, 3.03%, 0, 0, 2, 5.44, 3947, 932, 0, 0
526, 0, 2, 209, 206, 44, 3.03%, 0, 0, 2, 5.47, 3976, 933, 0, 0
531, 0, 2, 209, 206, 44, 3.03%, 0, 0, 2, 5.52, 4004, 933, 0, 0
536, 0, 2, 209, 206, 44, 3.03%, 0, 0, 2, 5.58, 4034, 933, 0, 0
541, 0, 2, 209, 206, 44, 3.03%, 0, 0, 2, 5.60, 4064, 933, 0, 0
546, 0, 2, 209, 206, 44, 3.03%, 0, 0, 2, 5.58, 4092, 933, 0, 0
552, 0, 2, 209, 206, 44, 3.03%, 0, 0, 2, 5.62, 4122, 933, 0, 0
557, 0, 2, 209, 206, 44, 3.03%, 0, 0, 2, 5.61, 4152, 933, 0, 0
562, 0, 2, 209, 206, 44, 3.03%, 0, 0, 2, 5.43, 4180, 933, 0, 0
568, 0, 2, 209, 206, 44, 3.03%, 0, 0, 2, 5.54, 4210, 933, 0, 0
573, 0, 2, 209, 206, 44, 3.03%, 0, 0, 2, 5.52, 4238, 933, 0, 0
578, 0, 2, 209, 206, 44, 3.03%, 0, 0, 2, 5.49, 4266, 933, 0, 0
583, 0, 2, 209, 206, 44, 3.03%, 0, 0, 2, 5.54, 4294, 933, 0, 0
588, 0, 2, 209, 206, 44, 3.03%, 0, 0, 2, 5.60, 4323, 933, 0, 0
593, 0, 2, 209, 206, 44, 3.03%, 0, 0, 2, 5.61, 4353, 933, 0, 0
599, 0, 2, 209, 206, 44, 3.03%, 0, 0, 2, 5.65, 4383, 933, 0, 0
604, 0, 2, 209, 206, 44, 3.03%, 0, 0, 2, 5.56, 4412, 933, 0, 0
609, 0, 2, 209, 206, 44, 3.03%, 0, 0, 2, 5.57, 4440, 933, 0, 0
614, 0, 2, 209, 206, 44, 3.03%, 0, 0, 2, 5.54, 4469, 933, 0, 0
619, 0, 2, 209, 206, 44, 3.03%, 0, 0, 2, 5.52, 4497, 933, 0, 0
625, 0, 2, 209, 206, 44, 3.03%, 0, 0, 2, 5.48, 4526, 933, 0, 0
630, 0, 2, 209, 206, 44, 3.03%, 0, 0, 2, 5.54, 4554, 933, 0, 0
635, 0, 2, 209, 206, 44, 3.03%, 0, 0, 2, 5.58, 4583, 933, 0, 0
640, 0, 2, 210, 207, 44, 3.03%, 0, 0, 2, 5.56, 4612, 934, 0, 0
645, 0, 2, 210, 207, 44, 3.03%, 0, 0, 2, 5.58, 4640, 934, 0, 0
650, 0, 2, 210, 207, 44, 3.03%, 0, 0, 2, 5.44, 4668, 934, 0, 0
656, 0, 2, 210, 207, 44, 3.03%, 0, 0, 2, 5.43, 4697, 934, 0, 0
661, 0, 2, 210, 207, 44, 3.03%, 0, 0, 2, 5.41, 4725, 934, 0, 0
666, 0, 2, 210, 207, 44, 3.03%, 0, 0, 2, 5.48, 4753, 934, 0, 0
671, 0, 2, 210, 207, 44, 3.03%, 0, 0, 2, 5.44, 4781, 934, 0, 0
676, 0, 2, 210, 207, 44, 3.03%, 0, 0, 2, 5.49, 4809, 934, 0, 0
681, 0, 2, 210, 207, 44, 3.03%, 0, 0, 2, 5.46, 4837, 934, 0, 0
686, 0, 2, 210, 207, 44, 3.03%, 0, 0, 2, 5.35, 4865, 934, 0, 0
692, 0, 2, 210, 207, 44, 3.03%, 0, 0, 2, 5.46, 4893, 934, 0, 0
697, 0, 2, 210, 207, 44, 3.03%, 0, 0, 2, 5.53, 4921, 934, 0, 0
702, 0, 2, 210, 207, 44, 3.03%, 0, 0, 2, 4.93, 4942, 934, 0, 0
707, 0, 2, 211, 208, 44, 3.04%, 0, 0, 2, 5.25, 4971, 936, 0, 0
712, 0, 2, 211, 208, 44, 3.04%, 0, 0, 2, 5.45, 4999, 936, 0, 0
717, 0, 2, 211, 208, 44, 3.04%, 0, 0, 2, 5.57, 5029, 936, 0, 0
722, 0, 2, 211, 208, 44, 3.04%, 0, 0, 2, 5.56, 5057, 936, 0, 0
728, 0, 2, 211, 208, 44, 3.04%, 0, 0, 2, 5.55, 5086, 936, 0, 0
733, 0, 2, 211, 208, 44, 3.04%, 0, 0, 2, 5.54, 5114, 936, 0, 0
738, 0, 2, 211, 208, 44, 3.04%, 0, 0, 2, 5.57, 5142, 936, 0, 0
743, 0, 2, 211, 208, 44, 3.04%, 0, 0, 2, 5.52, 5171, 936, 0, 0
748, 0, 2, 211, 208, 44, 3.04%, 0, 0, 2, 5.61, 5201, 936, 0, 0
753, 0, 2, 211, 208, 44, 3.04%, 0, 0, 2, 5.60, 5230, 936, 0, 0
759, 0, 2, 212, 209, 44, 3.04%, 0, 0, 2, 5.52, 5261, 938, 0, 0
764, 0, 2, 213, 210, 44, 3.05%, 0, 0, 2, 5.52, 5291, 939, 0, 0
770, 0, 2, 214, 211, 44, 3.05%, 0, 0, 2, 5.53, 5320, 941, 0, 0
775, 0, 2, 215, 212, 44, 3.06%, 0, 0, 2, 5.50, 5349, 942, 0, 0
780, 0, 2, 215, 212, 44, 3.06%, 0, 0, 2, 5.47, 5377, 942, 0, 0
785, 0, 2, 215, 212, 44, 3.06%, 0, 0, 2, 5.63, 5407, 942, 0, 0
791, 0, 2, 215, 212, 44, 3.06%, 0, 0, 2, 5.68, 5437, 942, 0, 0
796, 0, 2, 215, 212, 44, 3.06%, 0, 0, 2, 5.64, 5467, 942, 0, 0
801, 0, 2, 215, 212, 44, 3.06%, 0, 0, 2, 5.41, 5495, 942, 0, 0
806, 0, 2, 215, 212, 44, 3.06%, 0, 0, 2, 5.59, 5524, 942, 0, 0
812, 0, 2, 215, 212, 44, 3.06%, 0, 0, 2, 5.63, 5554, 942, 0, 0
817, 0, 2, 215, 212, 44, 3.06%, 0, 0, 2, 5.64, 5584, 942, 0, 0
822, 0, 2, 215, 212, 44, 3.06%, 0, 0, 2, 5.60, 5612, 942, 0, 0
827, 0, 2, 215, 212, 44, 3.06%, 0, 0, 2, 5.57, 5640, 942, 0, 0
832, 0, 2, 215, 212, 44, 3.06%, 0, 0, 2, 5.53, 5668, 942, 0, 0
837, 0, 2, 215, 212, 44, 3.06%, 0, 0, 2, 5.51, 5696, 942, 0, 0
842, 0, 2, 215, 212, 44, 3.06%, 0, 0, 2, 5.47, 5725, 942, 0, 0
848, 0, 2, 215, 212, 44, 3.06%, 0, 0, 2, 5.41, 5753, 942, 0, 0
853, 0, 2, 215, 212, 44, 3.06%, 0, 0, 2, 5.45, 5781, 942, 0, 0
858, 0, 2, 215, 212, 44, 3.06%, 0, 0, 2, 5.50, 5809, 942, 0, 0
863, 0, 2, 215, 212, 44, 3.06%, 0, 0, 2, 5.29, 5836, 942, 0, 0
868, 0, 2, 215, 212, 44, 3.06%, 0, 0, 2, 5.40, 5864, 942, 0, 0
873, 0, 2, 215, 212, 44, 3.06%, 0, 0, 2, 5.50, 5892, 942, 0, 0
878, 0, 2, 215, 212, 44, 3.06%, 0, 0, 2, 5.51, 5921, 942, 0, 0
884, 0, 2, 216, 213, 44, 3.07%, 0, 0, 2, 5.42, 5952, 947, 0, 0
889, 0, 2, 217, 214, 44, 3.08%, 0, 0, 2, 5.42, 5980, 948, 0, 0
895, 0, 2, 218, 215, 44, 3.09%, 0, 0, 2, 5.50, 6013, 951, 0, 0
900, 0, 2, 220, 217, 44, 3.10%, 0, 0, 2, 5.56, 6043, 954, 0, 0
905, 0, 2, 220, 217, 44, 3.10%, 0, 0, 2, 5.54, 6071, 954, 0, 0
911, 0, 2, 221, 218, 44, 3.10%, 0, 0, 2, 5.56, 6100, 956, 0, 0
916, 0, 2, 221, 218, 44, 3.10%, 0, 0, 2, 5.54, 6128, 956, 0, 0
921, 0, 2, 221, 218, 44, 3.10%, 0, 0, 2, 5.55, 6157, 956, 0, 0
926, 0, 2, 221, 218, 44, 3.10%, 0, 0, 2, 5.49, 6186, 956, 0, 0
931, 0, 2, 221, 218, 44, 3.10%, 0, 0, 2, 5.55, 6214, 956, 0, 0
937, 0, 2, 221, 218, 44, 3.10%, 0, 0, 2, 5.60, 6244, 956, 0, 0
942, 0, 2, 221, 218, 44, 3.10%, 0, 0, 2, 5.60, 6274, 956, 0, 0
947, 0, 2, 221, 218, 44, 3.10%, 0, 0, 2, 5.59, 6303, 956, 0, 0
952, 0, 2, 221, 218, 44, 3.10%, 0, 0, 2, 5.62, 6333, 956, 0, 0
958, 0, 2, 221, 218, 44, 3.10%, 0, 0, 2, 5.56, 6362, 956, 0, 0
964, 0, 2, 222, 219, 44, 3.11%, 0, 0, 2, 5.56, 6392, 959, 0, 0
969, 0, 2, 222, 219, 44, 3.11%, 0, 0, 2, 5.53, 6420, 959, 0, 0
974, 0, 2, 222, 219, 44, 3.11%, 0, 0, 2, 5.47, 6449, 959, 0, 0
979, 0, 6, 222, 218, 92, 3.11%, 0, 0, 2, 5.55, 6477, 959, 0, 0
985, 0, 36, 222, 217, 91, 3.11%, 0, 0, 2, 5.42, 6505, 959, 0, 0
991, 0, 36, 224, 219, 91, 3.13%, 0, 0, 2, 5.50, 6540, 965, 0, 0
996, 0, 36, 226, 221, 91, 3.14%, 0, 0, 2, 5.51, 6569, 967, 0, 0
1003, 0, 36, 228, 223, 91, 3.15%, 0, 0, 2, 5.50, 6608, 970, 0, 0
1008, 0, 36, 230, 225, 91, 3.16%, 0, 0, 2, 5.50, 6637, 974, 0, 0
1015, 0, 36, 232, 227, 91, 3.17%, 0, 0, 2, 5.43, 6667, 976, 0, 0
1021, 0, 36, 234, 229, 91, 3.18%, 0, 0, 2, 5.20, 6699, 981, 0, 0
1026, 0, 36, 236, 231, 91, 3.19%, 0, 0, 2, 5.18, 6726, 984, 0, 0
1032, 0, 36, 237, 232, 91, 3.19%, 0, 0, 2, 5.29, 6754, 984, 0, 0
1037, 0, 36, 239, 234, 91, 3.20%, 0, 0, 2, 5.33, 6783, 987, 0, 0
1042, 0, 36, 240, 235, 91, 3.21%, 0, 0, 2, 5.38, 6812, 988, 0, 0
1049, 0, 36, 242, 237, 91, 3.28%, 0, 0, 2, 5.54, 6849, 1012, 0, 0
1054, 0, 36, 243, 238, 91, 3.29%, 0, 0, 2, 5.55, 6877, 1013, 0, 0
1059, 0, 36, 243, 238, 91, 3.29%, 0, 0, 2, 5.52, 6905, 1013, 0, 0
1064, 0, 36, 243, 238, 91, 3.29%, 0, 0, 2, 5.02, 6930, 1013, 0, 0
1069, 0, 36, 243, 238, 91, 3.29%, 0, 0, 2, 4.78, 6955, 1013, 0, 0
1074, 0, 36, 243, 238, 91, 3.29%, 0, 0, 2, 4.95, 6980, 1013, 0, 0
1080, 0, 36, 244, 239, 91, 3.29%, 0, 0, 2, 5.20, 7009, 1014, 0, 0
1085, 0, 36, 246, 241, 91, 3.35%, 0, 0, 2, 5.22, 7037, 1031, 0, 0
1090, 0, 36, 247, 242, 91, 3.35%, 0, 0, 2, 5.38, 7066, 1032, 0, 0
1095, 0, 36, 247, 242, 91, 3.35%, 0, 0, 2, 5.50, 7094, 1032, 0, 0
1101, 0, 36, 247, 242, 91, 3.35%, 0, 0, 2, 5.38, 7123, 1032, 0, 0
1106, 0, 36, 247, 242, 91, 3.35%, 0, 0, 2, 5.41, 7152, 1032, 0, 0
1111, 0, 36, 247, 242, 91, 3.35%, 0, 0, 2, 5.49, 7180, 1032, 0, 0
1116, 0, 36, 247, 242, 91, 3.35%, 0, 0, 2, 5.53, 7208, 1032, 0, 0
1121, 0, 36, 247, 242, 91, 3.35%, 0, 0, 2, 5.50, 7236, 1032, 0, 0
1126, 0, 36, 247, 242, 91, 3.35%, 0, 0, 2, 5.54, 7264, 1032, 0, 0
1131, 0, 36, 247, 242, 91, 3.35%, 0, 0, 2, 5.55, 7292, 1032, 0, 0
1138, 0, 36, 248, 243, 91, 3.36%, 0, 0, 2, 5.11, 7327, 1034, 0, 0
1143, 0, 36, 248, 243, 91, 3.36%, 0, 0, 2, 4.84, 7351, 1034, 0, 0
1148, 0, 36, 248, 243, 91, 3.36%, 0, 0, 2, 5.00, 7377, 1034, 0, 0
1154, 0, 36, 248, 243, 91, 3.36%, 0, 0, 2, 5.30, 7406, 1034, 0, 0
1161, 0, 36, 250, 245, 91, 3.36%, 0, 0, 2, 5.36, 7445, 1036, 0, 0
1166, 0, 36, 252, 247, 91, 3.37%, 0, 0, 2, 5.35, 7474, 1038, 0, 0
1173, 0, 36, 254, 249, 91, 3.38%, 0, 0, 2, 5.43, 7512, 1040, 0, 0
1178, 0, 36, 254, 249, 91, 3.38%, 0, 0, 2, 5.50, 7540, 1040, 0, 0
1183, 0, 36, 255, 250, 91, 3.39%, 0, 0, 2, 5.58, 7569, 1043, 0, 0
1190, 0, 36, 256, 251, 91, 3.39%, 0, 0, 2, 5.60, 7608, 1044, 0, 0
1196, 0, 36, 256, 251, 91, 3.39%, 0, 0, 2, 5.52, 7637, 1044, 0, 0
1201, 0, 36, 257, 252, 91, 3.40%, 0, 0, 2, 5.48, 7666, 1047, 0, 0
1206, 0, 36, 257, 252, 91, 3.40%, 0, 0, 2, 5.46, 7694, 1047, 0, 0
1211, 0, 36, 258, 253, 91, 3.40%, 0, 0, 2, 5.44, 7723, 1048, 0, 0
1217, 0, 36, 259, 254, 91, 3.42%, 0, 0, 2, 5.41, 7752, 1054, 0, 0
1222, 0, 36, 259, 254, 91, 3.42%, 0, 0, 2, 5.32, 7780, 1054, 0, 0
1227, 0, 36, 259, 254, 91, 3.42%, 0, 0, 2, 5.45, 7808, 1054, 0, 0
1232, 0, 36, 259, 254, 91, 3.42%, 0, 0, 2, 5.51, 7836, 1054, 0, 0
1237, 0, 36, 259, 254, 91, 3.42%, 0, 0, 2, 5.55, 7864, 1054, 0, 0
1242, 0, 36, 259, 254, 91, 3.42%, 0, 0, 2, 5.54, 7892, 1054, 0, 0
1248, 0, 36, 259, 254, 91, 3.42%, 0, 0, 2, 5.50, 7921, 1054, 0, 0
1253, 0, 36, 259, 254, 91, 3.42%, 0, 0, 2, 5.46, 7949, 1054, 0, 0
1258, 0, 36, 260, 255, 91, 3.42%, 0, 0, 2, 5.48, 7978, 1055, 0, 0
1263, 0, 36, 260, 255, 91, 3.42%, 0, 0, 2, 5.34, 8004, 1055, 0, 0
1268, 0, 36, 260, 255, 91, 3.42%, 0, 0, 2, 5.37, 8032, 1055, 0, 0
1273, 0, 36, 260, 255, 91, 3.42%, 0, 0, 2, 5.34, 8059, 1055, 0, 0
1278, 0, 36, 260, 255, 91, 3.42%, 0, 0, 2, 5.39, 8087, 1055, 0, 0
1284, 0, 36, 260, 255, 91, 3.42%, 0, 0, 2, 5.31, 8114, 1055, 0, 0
1289, 0, 36, 260, 255, 91, 3.42%, 0, 0, 2, 5.47, 8142, 1055, 0, 0
1294, 0, 36, 261, 256, 91, 3.43%, 0, 0, 2, 5.51, 8174, 1057, 0, 0
1299, 0, 36, 262, 257, 91, 3.46%, 0, 0, 2, 5.54, 8202, 1067, 0, 0
1305, 0, 36, 262, 257, 91, 3.46%, 0, 0, 2, 5.47, 8230, 1067, 0, 0
1311, 0, 36, 264, 259, 91, 3.52%, 0, 0, 2, 5.39, 8265, 1085, 0, 0
1316, 0, 36, 266, 261, 91, 3.53%, 0, 0, 2, 5.36, 8292, 1087, 0, 0
1324, 0, 36, 267, 262, 91, 3.53%, 0, 0, 2, 4.89, 8328, 1089, 0, 0
1329, 0, 36, 267, 262, 91, 3.53%, 0, 0, 2, 4.75, 8352, 1089, 0, 0
1334, 0, 36, 267, 262, 91, 3.53%, 0, 0, 2, 4.72, 8376, 1089, 0, 0
1339, 0, 36, 267, 262, 91, 3.53%, 0, 0, 2, 4.68, 8400, 1089, 0, 0
1344, 0, 36, 267, 262, 91, 3.53%, 0, 0, 2, 4.59, 8423, 1089, 0, 0
1350, 0, 36, 267, 262, 91, 3.53%, 0, 0, 2, 4.73, 8448, 1089, 0, 0
1355, 0, 36, 267, 262, 91, 3.53%, 0, 0, 2, 4.70, 8472, 1089, 0, 0
1360, 0, 36, 267, 262, 91, 3.53%, 0, 0, 2, 4.74, 8497, 1089, 0, 0
1365, 0, 36, 267, 262, 91, 3.53%, 0, 0, 2, 4.74, 8521, 1089, 0, 0
1370, 0, 36, 267, 262, 91, 3.53%, 0, 0, 2, 4.69, 8545, 1089, 0, 0
1375, 0, 36, 268, 263, 91, 3.54%, 0, 0, 2, 4.77, 8570, 1090, 0, 0
1380, 0, 36, 269, 264, 91, 3.54%, 0, 0, 2, 5.13, 8598, 1091, 0, 0
1386, 0, 36, 269, 264, 91, 3.54%, 0, 0, 2, 5.44, 8628, 1091, 0, 0
1391, 0, 36, 269, 264, 91, 3.54%, 0, 0, 2, 5.57, 8658, 1091, 0, 0
1396, 0, 36, 269, 264, 91, 3.54%, 0, 0, 2, 5.64, 8688, 1091, 0, 0
1401, 0, 36, 269, 264, 91, 3.54%, 0, 0, 2, 5.44, 8715, 1091, 0, 0
1407, 0, 36, 269, 264, 91, 3.54%, 0, 0, 2, 5.56, 8745, 1091, 0, 0
1412, 0, 36, 269, 264, 91, 3.54%, 0, 0, 2, 5.60, 8775, 1091, 0, 0
1417, 0, 36, 269, 264, 91, 3.54%, 0, 0, 2, 5.61, 8805, 1091, 0, 0
1422, 0, 36, 269, 264, 91, 3.54%, 0, 0, 2, 5.61, 8833, 1091, 0, 0
1428, 0, 36, 269, 264, 91, 3.54%, 0, 0, 2, 5.63, 8863, 1091, 0, 0
1433, 0, 36, 269, 264, 91, 3.54%, 0, 0, 2, 5.61, 8891, 1091, 0, 0
1438, 0, 36, 269, 264, 91, 3.54%, 0, 0, 2, 5.56, 8919, 1091, 0, 0
1443, 0, 36, 269, 264, 91, 3.54%, 0, 0, 2, 5.55, 8947, 1091, 0, 0
1448, 0, 36, 269, 264, 91, 3.54%, 0, 0, 2, 5.54, 8975, 1091, 0, 0
1453, 0, 36, 269, 264, 91, 3.54%, 0, 0, 2, 5.60, 9005, 1091, 0, 0
1458, 0, 36, 269, 264, 91, 3.54%, 0, 0, 2, 5.60, 9033, 1091, 0, 0
1463, 0, 36, 269, 264, 91, 3.54%, 0, 0, 2, 5.54, 9062, 1091, 0, 0
1469, 0, 36, 269, 264, 91, 3.54%, 0, 0, 2, 5.62, 9092, 1091, 0, 0
1474, 0, 36, 269, 264, 91, 3.54%, 0, 0, 2, 5.62, 9122, 1091, 0, 0
1479, 0, 36, 269, 264, 91, 3.54%, 0, 0, 2, 5.67, 9152, 1091, 0, 0
1485, 0, 36, 269, 264, 91, 3.54%, 0, 0, 2, 5.68, 9182, 1091, 0, 0
1490, 0, 36, 269, 264, 91, 3.54%, 0, 0, 2, 5.68, 9212, 1091, 0, 0
1495, 0, 36, 269, 264, 91, 3.54%, 0, 0, 2, 5.64, 9241, 1091, 0, 0
1500, 0, 36, 269, 264, 91, 3.54%, 0, 0, 2, 5.60, 9269, 1091, 0, 0
1505, 0, 36, 269, 264, 91, 3.54%, 0, 0, 2, 5.49, 9298, 1091, 0, 0
1511, 0, 36, 269, 264, 91, 3.54%, 0, 0, 2, 5.51, 9327, 1091, 0, 0
1516, 0, 36, 269, 264, 91, 3.54%, 0, 0, 2, 5.56, 9355, 1091, 0, 0
1521, 0, 36, 269, 264, 91, 3.54%, 0, 0, 2, 5.52, 9383, 1091, 0, 0
1526, 0, 36, 269, 264, 91, 3.54%, 0, 0, 2, 5.56, 9412, 1091, 0, 0
1531, 0, 36, 269, 264, 91, 3.54%, 0, 0, 2, 5.63, 9442, 1091, 0, 0
1537, 0, 36, 269, 264, 91, 3.54%, 0, 0, 2, 5.68, 9472, 1091, 0, 0
1542, 0, 36, 269, 264, 91, 3.54%, 0, 0, 2, 5.70, 9502, 1091, 0, 0
1547, 0, 36, 269, 264, 91, 3.54%, 0, 0, 2, 5.67, 9532, 1091, 0, 0
1552, 0, 36, 269, 264, 91, 3.54%, 0, 0, 2, 5.68, 9562, 1091, 0, 0
1557, 0, 36, 269, 264, 91, 3.54%, 0, 0, 2, 5.61, 9590, 1091, 0, 0
1563, 0, 36, 269, 264, 91, 3.54%, 0, 0, 2, 5.60, 9620, 1091, 0, 0
1568, 0, 36, 269, 264, 91, 3.54%, 0, 0, 2, 5.60, 9649, 1091, 0, 0
1573, 0, 36, 269, 264, 91, 3.54%, 0, 0, 2, 5.59, 9679, 1091, 0, 0
1579, 0, 36, 269, 264, 91, 3.54%, 0, 0, 2, 5.15, 9701, 1091, 0, 0
1585, 0, 36, 270, 265, 91, 3.54%, 0, 0, 2, 5.07, 9729, 1091, 0, 0
1591, 0, 36, 270, 265, 91, 3.54%, 0, 0, 2, 5.43, 9759, 1091, 0, 0
1596, 0, 36, 270, 265, 91, 3.54%, 0, 0, 2, 5.51, 9787, 1091, 0, 0
1601, 0, 36, 270, 265, 91, 3.54%, 0, 0, 2, 5.60, 9817, 1091, 0, 0
1607, 0, 36, 271, 266, 91, 3.54%, 0, 0, 2, 5.43, 9837, 1091, 0, 0
1612, 0, 36, 271, 266, 91, 3.54%, 0, 0, 2, 5.31, 9861, 1091, 0, 0
1617, 0, 36, 271, 266, 91, 3.54%, 0, 0, 2, 5.40, 9889, 1091, 0, 0
1622, 0, 36, 271, 266, 91, 3.54%, 0, 0, 2, 5.50, 9917, 1091, 0, 0
1627, 0, 36, 271, 266, 91, 3.54%, 0, 0, 2, 5.51, 9946, 1091, 0, 0
1633, 0, 36, 271, 266, 91, 3.54%, 0, 0, 2, 5.56, 9976, 1091, 0, 0
1638, 0, 36, 272, 267, 91, 3.55%, 0, 0, 2, 5.63, 10005, 1093, 0, 0
1643, 0, 36, 272, 267, 91, 3.55%, 0, 0, 2, 5.35, 10031, 1093, 0, 0
1648, 0, 36, 272, 267, 91, 3.55%, 0, 0, 2, 5.43, 10060, 1093, 0, 0
1653, 0, 36, 272, 267, 91, 3.55%, 0, 0, 2, 5.34, 10084, 1093, 0, 0
1658, 0, 36, 272, 267, 91, 3.55%, 0, 0, 2, 5.32, 10108, 1093, 0, 0
1664, 0, 36, 272, 267, 91, 3.55%, 0, 0, 2, 5.55, 10138, 1093, 0, 0
1669, 0, 36, 273, 268, 91, 3.55%, 0, 0, 2, 5.56, 10167, 1094, 0, 0
1674, 0, 36, 273, 268, 91, 3.55%, 0, 0, 2, 5.58, 10195, 1094, 0, 0
1679, 0, 36, 273, 268, 91, 3.55%, 0, 0, 2, 5.46, 10223, 1094, 0, 0
1684, 0, 36, 273, 268, 91, 3.55%, 0, 0, 2, 5.53, 10252, 1094, 0, 0
1690, 0, 36, 273, 268, 91, 3.55%, 0, 0, 2, 5.64, 10282, 1094, 0, 0
1695, 0, 36, 273, 268, 91, 3.55%, 0, 0, 2, 5.71, 10307, 1094, 0, 0
1700, 0, 36, 273, 268, 91, 3.55%, 0, 0, 2, 5.39, 10330, 1094, 0, 0
1705, 0, 36, 273, 268, 91, 3.55%, 0, 0, 2, 5.25, 10356, 1094, 0, 0
1710, 0, 36, 273, 268, 91, 3.55%, 0, 0, 2, 5.44, 10385, 1094, 0, 0
1715, 0, 36, 273, 268, 91, 3.55%, 0, 0, 2, 5.55, 10414, 1094, 0, 0
1720, 0, 36, 274, 269, 91, 3.55%, 0, 0, 2, 5.55, 10442, 1095, 0, 0
1726, 0, 36, 274, 269, 91, 3.55%, 0, 0, 2, 5.47, 10471, 1095, 0, 0
1731, 0, 36, 274, 269, 91, 3.55%, 0, 0, 2, 5.48, 10499, 1095, 0, 0
1736, 0, 36, 274, 269, 91, 3.55%, 0, 0, 2, 5.51, 10527, 1095, 0, 0
1741, 0, 36, 274, 269, 91, 3.55%, 0, 0, 2, 5.45, 10555, 1095, 0, 0
1746, 0, 36, 274, 269, 91, 3.55%, 0, 0, 2, 5.53, 10583, 1095, 0, 0
1751, 0, 36, 274, 269, 91, 3.55%, 0, 0, 2, 5.52, 10612, 1095, 0, 0
1757, 0, 36, 274, 269, 91, 3.55%, 0, 0, 2, 5.44, 10641, 1095, 0, 0
1762, 0, 36, 274, 269, 91, 3.55%, 0, 0, 2, 5.40, 10669, 1095, 0, 0
1767, 0, 36, 274, 269, 91, 3.55%, 0, 0, 2, 5.44, 10698, 1095, 0, 0
1772, 0, 36, 274, 269, 91, 3.55%, 0, 0, 2, 5.50, 10726, 1095, 0, 0
1777, 0, 36, 274, 269, 91, 3.55%, 0, 0, 2, 5.49, 10754, 1095, 0, 0
1782, 0, 36, 274, 269, 91, 3.55%, 0, 0, 2, 5.53, 10782, 1095, 0, 0
1787, 0, 36, 274, 269, 91, 3.55%, 0, 0, 2, 5.50, 10810, 1095, 0, 0
1792, 0, 36, 274, 269, 91, 3.55%, 0, 0, 2, 5.52, 10838, 1095, 0, 0
1797, 0, 36, 274, 269, 91, 3.55%, 0, 0, 2, 5.42, 10865, 1095, 0, 0
1803, 0, 36, 274, 269, 91, 3.55%, 0, 0, 2, 5.43, 10888, 1095, 0, 0
1808, 0, 36, 275, 270, 91, 3.56%, 0, 0, 2, 5.51, 10919, 1098, 0, 0
1813, 0, 36, 275, 270, 91, 3.56%, 0, 0, 2, 5.55, 10947, 1098, 0, 0
1818, 0, 36, 275, 270, 91, 3.56%, 0, 0, 2, 5.56, 10975, 1098, 0, 0
1823, 0, 36, 275, 270, 91, 3.56%, 0, 0, 2, 5.40, 11002, 1098, 0, 0
1829, 0, 36, 275, 270, 91, 3.56%, 0, 0, 2, 5.46, 11031, 1098, 0, 0
1834, 0, 36, 275, 270, 91, 3.56%, 0, 0, 2, 5.55, 11061, 1098, 0, 0
1839, 0, 36, 275, 270, 91, 3.56%, 0, 0, 2, 5.56, 11089, 1098, 0, 0
1844, 0, 36, 275, 270, 91, 3.56%, 0, 0, 2, 5.50, 11117, 1098, 0, 0
1849, 0, 36, 275, 270, 91, 3.56%, 0, 0, 2, 5.49, 11145, 1098, 0, 0
1854, 0, 36, 276, 271, 91, 3.59%, 0, 0, 2, 5.51, 11173, 1107, 0, 0
1859, 0, 36, 276, 271, 91, 3.59%, 0, 0, 2, 4.92, 11197, 1107, 0, 0
1865, 0, 36, 276, 271, 91, 3.59%, 0, 0, 2, 4.76, 11221, 1107, 0, 0
1870, 0, 36, 276, 271, 91, 3.59%, 0, 0, 2, 5.22, 11249, 1107, 0, 0
1875, 0, 36, 276, 271, 91, 3.59%, 0, 0, 2, 5.34, 11277, 1107, 0, 0
1880, 0, 36, 276, 271, 91, 3.59%, 0, 0, 2, 5.43, 11306, 1107, 0, 0
1885, 0, 36, 276, 271, 91, 3.59%, 0, 0, 2, 3.10, 11329, 1107, 0, 0
1890, 0, 36, 277, 272, 91, 3.59%, 0, 0, 2, 3.82, 11353, 1107, 0, 0
1896, 0, 36, 277, 272, 91, 3.59%, 0, 0, 2, 4.95, 11383, 1107, 0, 0
1901, 0, 36, 277, 272, 91, 3.59%, 0, 0, 2, 5.30, 11411, 1107, 0, 0
1906, 0, 36, 277, 272, 91, 3.59%, 0, 0, 2, 5.37, 11438, 1107, 0, 0
1911, 0, 36, 277, 272, 91, 3.59%, 0, 0, 2, 5.47, 11466, 1107, 0, 0
1916, 0, 36, 277, 272, 91, 3.59%, 0, 0, 2, 5.41, 11495, 1107, 0, 0
1921, 0, 36, 277, 272, 91, 3.59%, 0, 0, 2, 5.49, 11523, 1107, 0, 0
1927, 0, 36, 277, 272, 91, 3.59%, 0, 0, 2, 5.47, 11552, 1107, 0, 0
1932, 0, 36, 277, 272, 91, 3.59%, 0, 0, 2, 5.56, 11581, 1107, 0, 0
1937, 0, 36, 277, 272, 91, 3.59%, 0, 0, 2, 5.55, 11609, 1107, 0, 0
1942, 0, 36, 277, 272, 91, 3.59%, 0, 0, 2, 5.46, 11637, 1107, 0, 0
1947, 0, 36, 277, 272, 91, 3.59%, 0, 0, 2, 5.59, 11667, 1107, 0, 0
1952, 0, 36, 277, 272, 91, 3.59%, 0, 0, 2, 5.64, 11696, 1107, 0, 0
1957, 0, 36, 277, 272, 91, 3.59%, 0, 0, 2, 5.57, 11720, 1107, 0, 0
1962, 0, 36, 277, 272, 91, 3.59%, 0, 0, 2, 5.59, 11748, 1107, 0, 0
1968, 0, 36, 277, 272, 91, 3.59%, 0, 0, 2, 5.66, 11778, 1107, 0, 0
1973, 0, 36, 277, 272, 91, 3.59%, 0, 0, 2, 5.66, 11808, 1107, 0, 0
1978, 0, 36, 277, 272, 91, 3.59%, 0, 0, 2, 5.64, 11838, 1107, 0, 0
1983, 0, 36, 277, 272, 91, 3.59%, 0, 0, 2, 5.70, 11868, 1107, 0, 0
1989, 0, 36, 277, 272, 91, 3.59%, 0, 0, 2, 5.64, 11897, 1107, 0, 0
1994, 0, 36, 277, 272, 91, 3.59%, 0, 0, 2, 5.59, 11925, 1107, 0, 0
1999, 0, 36, 277, 272, 91, 3.59%, 0, 0, 2, 5.61, 11955, 1107, 0, 0
2004, 0, 36, 277, 272, 91, 3.59%, 0, 0, 2, 5.44, 11983, 1107, 0, 0
2010, 0, 36, 277, 272, 91, 3.59%, 0, 0, 2, 5.58, 12013, 1107, 0, 0
2015, 0, 36, 277, 272, 91, 3.59%, 0, 0, 2, 5.58, 12042, 1107, 0, 0
2020, 0, 36, 278, 273, 91, 3.60%, 0, 0, 2, 5.61, 12072, 1109, 0, 0
2025, 0, 36, 278, 273, 91, 3.60%, 0, 0, 2, 5.66, 12102, 1109, 0, 0
2030, 0, 36, 278, 273, 91, 3.60%, 0, 0, 2, 5.58, 12130, 1109, 0, 0
2036, 0, 36, 278, 273, 91, 3.60%, 0, 0, 2, 5.56, 12158, 1109, 0, 0
2041, 0, 36, 278, 273, 91, 3.60%, 0, 0, 2, 5.56, 12187, 1109, 0, 0
2046, 0, 36, 278, 273, 91, 3.60%, 0, 0, 2, 5.55, 12215, 1109, 0, 0
2051, 0, 36, 278, 273, 91, 3.60%, 0, 0, 2, 5.64, 12245, 1109, 0, 0
2056, 0, 36, 278, 273, 91, 3.60%, 0, 0, 2, 5.61, 12273, 1109, 0, 0
2061, 0, 36, 278, 273, 91, 3.60%, 0, 0, 2, 5.39, 12299, 1109, 0, 0
2067, 0, 36, 278, 273, 91, 3.60%, 0, 0, 2, 5.46, 12328, 1109, 0, 0
2072, 0, 36, 278, 273, 91, 3.60%, 0, 0, 2, 5.46, 12356, 1109, 0, 0
2077, 0, 36, 278, 273, 91, 3.60%, 0, 0, 2, 5.55, 12386, 1109, 0, 0
2082, 0, 36, 278, 273, 91, 3.60%, 0, 0, 2, 5.48, 12415, 1109, 0, 0
2087, 0, 36, 278, 273, 91, 3.60%, 0, 0, 2, 5.50, 12444, 1109, 0, 0
2093, 0, 36, 278, 273, 91, 3.60%, 0, 0, 2, 5.42, 12468, 1109, 0, 0
2098, 0, 36, 278, 273, 91, 3.60%, 0, 0, 2, 5.45, 12496, 1109, 0, 0
2103, 0, 36, 278, 273, 91, 3.60%, 0, 0, 2, 5.51, 12526, 1109, 0, 0
2108, 0, 36, 278, 273, 91, 3.60%, 0, 0, 2, 5.57, 12554, 1109, 0, 0
2113, 0, 36, 278, 273, 91, 3.60%, 0, 0, 2, 5.61, 12584, 1109, 0, 0
2119, 0, 36, 278, 273, 91, 3.60%, 0, 0, 2, 5.57, 12613, 1109, 0, 0
2124, 0, 36, 278, 273, 91, 3.60%, 0, 0, 2, 5.54, 12641, 1109, 0, 0
2129, 0, 36, 278, 273, 91, 3.60%, 0, 0, 2, 5.59, 12671, 1109, 0, 0
2134, 0, 36, 278, 273, 91, 3.60%, 0, 0, 2, 5.58, 12700, 1109, 0, 0
2140, 0, 36, 278, 273, 91, 3.60%, 0, 0, 2, 5.64, 12730, 1109, 0, 0
2145, 0, 36, 278, 273, 91, 3.60%, 0, 0, 2, 5.58, 12759, 1109, 0, 0
2150, 0, 36, 278, 273, 91, 3.60%, 0, 0, 2, 5.64, 12789, 1109, 0, 0
2155, 0, 36, 278, 273, 91, 3.60%, 0, 0, 2, 5.61, 12817, 1109, 0, 0
2160, 0, 36, 278, 273, 91, 3.60%, 0, 0, 2, 5.61, 12845, 1109, 0, 0
2165, 0, 36, 278, 273, 91, 3.60%, 0, 0, 2, 5.45, 12873, 1109, 0, 0
2170, 0, 36, 278, 273, 91, 3.60%, 0, 0, 2, 5.54, 12901, 1109, 0, 0
2176, 0, 36, 278, 273, 91, 3.60%, 0, 0, 2, 5.57, 12929, 1109, 0, 0
2181, 0, 36, 278, 273, 91, 3.60%, 0, 0, 2, 5.54, 12957, 1109, 0, 0
2186, 0, 36, 278, 273, 91, 3.60%, 0, 0, 2, 5.58, 12985, 1109, 0, 0
2191, 0, 36, 278, 273, 91, 3.60%, 0, 0, 2, 5.60, 13015, 1109, 0, 0
2196, 0, 36, 278, 273, 91, 3.60%, 0, 0, 2, 5.49, 13043, 1109, 0, 0
2201, 0, 36, 278, 273, 91, 3.60%, 0, 0, 2, 5.14, 13066, 1109, 0, 0
2206, 0, 36, 278, 273, 91, 3.60%, 0, 0, 2, 5.45, 13095, 1109, 0, 0
2212, 0, 36, 278, 273, 91, 3.60%, 0, 0, 2, 5.49, 13123, 1109, 0, 0
2217, 0, 36, 278, 273, 91, 3.60%, 0, 0, 2, 5.48, 13152, 1109, 0, 0
2222, 0, 36, 278, 273, 91, 3.60%, 0, 0, 2, 5.02, 13172, 1109, 0, 0
2227, 0, 36, 278, 273, 91, 3.60%, 0, 0, 2, 4.15, 13191, 1109, 0, 0
2232, 0, 36, 278, 273, 91, 3.60%, 0, 0, 2, 3.82, 13210, 1109, 0, 0
2237, 0, 36, 278, 273, 91, 3.60%, 0, 0, 2, 3.73, 13229, 1109, 0, 0
2242, 0, 36, 278, 273, 91, 3.60%, 0, 0, 2, 3.65, 13248, 1109, 0, 0
2248, 0, 36, 278, 273, 91, 3.60%, 0, 0, 2, 3.64, 13267, 1109, 0, 0
2253, 0, 36, 278, 273, 91, 3.60%, 0, 0, 2, 3.75, 13286, 1109, 0, 0
2258, 0, 36, 278, 273, 91, 3.60%, 0, 0, 2, 3.75, 13305, 1109, 0, 0
2263, 0, 36, 278, 273, 91, 3.60%, 0, 0, 2, 3.75, 13324, 1109, 0, 0
2268, 0, 36, 278, 273, 91, 3.60%, 0, 0, 2, 3.77, 13343, 1109, 0, 0
2273, 0, 36, 278, 273, 91, 3.60%, 0, 0, 2, 3.83, 13363, 1109, 0, 0
2278, 0, 36, 278, 273, 91, 3.60%, 0, 0, 2, 3.81, 13383, 1109, 0, 0
2283, 0, 36, 278, 273, 91, 3.60%, 0, 0, 2, 3.79, 13402, 1109, 0, 0
2289, 0, 36, 278, 273, 91, 3.60%, 0, 0, 2, 3.76, 13421, 1109, 0, 0
2294, 0, 36, 278, 273, 91, 3.60%, 0, 0, 2, 3.75, 13440, 1109, 0, 0
2299, 0, 36, 278, 273, 91, 3.60%, 0, 0, 2, 3.60, 13458, 1109, 0, 0
2304, 0, 36, 278, 273, 91, 3.60%, 0, 0, 2, 3.69, 13477, 1109, 0, 0
2309, 0, 36, 278, 273, 91, 3.60%, 0, 0, 2, 4.05, 13498, 1109, 0, 0
2314, 0, 36, 278, 273, 91, 3.60%, 0, 0, 2, 4.23, 13520, 1109, 0, 0
2319, 0, 36, 278, 273, 91, 3.60%, 0, 0, 2, 4.25, 13542, 1109, 0, 0
2325, 0, 36, 278, 273, 91, 3.60%, 0, 0, 2, 4.25, 13564, 1109, 0, 0
2330, 0, 36, 278, 273, 91, 3.60%, 0, 0, 2, 4.20, 13585, 1109, 0, 0
2335, 0, 36, 278, 273, 91, 3.60%, 0, 0, 2, 4.26, 13607, 1109, 0, 0
2340, 0, 36, 278, 273, 91, 3.60%, 0, 0, 2, 4.17, 13628, 1109, 0, 0
2345, 0, 36, 278, 273, 91, 3.60%, 0, 0, 2, 4.06, 13649, 1109, 0, 0
2350, 0, 36, 278, 273, 91, 3.60%, 0, 0, 2, 4.16, 13670, 1109, 0, 0
2355, 0, 36, 278, 273, 91, 3.60%, 0, 0, 2, 4.33, 13692, 1109, 0, 0
2360, 0, 36, 278, 273, 91, 3.60%, 0, 0, 2, 4.25, 13713, 1109, 0, 0
2365, 0, 36, 278, 273, 91, 3.60%, 0, 0, 2, 4.11, 13734, 1109, 0, 0
2371, 0, 36, 278, 273, 91, 3.60%, 0, 0, 2, 4.16, 13756, 1109, 0, 0
2376, 0, 36, 278, 273, 91, 3.60%, 0, 0, 2, 4.15, 13777, 1109, 0, 0
2381, 0, 36, 278, 273, 91, 3.60%, 0, 0, 2, 4.13, 13795, 1109, 0, 0
2386, 0, 36, 278, 273, 91, 3.60%, 0, 0, 2, 4.17, 13816, 1109, 0, 0
2391, 0, 36, 278, 273, 91, 3.60%, 0, 0, 2, 4.22, 13838, 1109, 0, 0
2396, 0, 36, 278, 273, 91, 3.60%, 0, 0, 2, 4.18, 13859, 1109, 0, 0
2401, 0, 36, 278, 273, 91, 3.60%, 0, 0, 2, 3.90, 13878, 1109, 0, 0
2406, 0, 36, 278, 273, 91, 3.60%, 0, 0, 2, 3.80, 13897, 1109, 0, 0
2412, 0, 36, 278, 273, 91, 3.60%, 0, 0, 2, 3.69, 13916, 1109, 0, 0
2417, 0, 36, 278, 273, 91, 3.60%, 0, 0, 2, 3.74, 13935, 1109, 0, 0
2422, 0, 36, 278, 273, 91, 3.60%, 0, 0, 2, 3.55, 13953, 1109, 0, 0
2427, 0, 36, 278, 273, 91, 3.60%, 0, 0, 2, 3.66, 13972, 1109, 0, 0
2432, 0, 36, 278, 273, 91, 3.60%, 0, 0, 2, 3.76, 13990, 1109, 0, 0
2437, 0, 36, 278, 273, 91, 3.60%, 0, 0, 2, 3.72, 14009, 1109, 0, 0
2443, 0, 36, 278, 273, 91, 3.60%, 0, 0, 2, 3.73, 14028, 1109, 0, 0
2448, 0, 36, 278, 273, 91, 3.60%, 0, 0, 2, 3.72, 14047, 1109, 0, 0
2453, 0, 36, 278, 273, 91, 3.60%, 0, 0, 2, 3.64, 14065, 1109, 0, 0
2458, 0, 36, 278, 273, 91, 3.60%, 0, 0, 2, 3.67, 14084, 1109, 0, 0
2463, 0, 36, 278, 273, 91, 3.60%, 0, 0, 2, 3.64, 14103, 1109, 0, 0
2468, 0, 36, 278, 273, 91, 3.60%, 0, 0, 2, 3.63, 14122, 1109, 0, 0
2474, 0, 36, 278, 273, 91, 3.60%, 0, 0, 2, 3.63, 14141, 1109, 0, 0
2481, 0, 36, 279, 274, 91, 3.60%, 0, 0, 2, 3.69, 14167, 1110, 0, 0
2486, 0, 36, 279, 274, 91, 3.60%, 0, 0, 2, 4.07, 14188, 1110, 0, 0
2491, 0, 36, 279, 274, 91, 3.60%, 0, 0, 2, 3.94, 14208, 1110, 0, 0
2496, 0, 36, 279, 274, 91, 3.60%, 0, 0, 2, 4.19, 14230, 1110, 0, 0
2502, 0, 36, 279, 274, 91, 3.60%, 0, 0, 2, 4.24, 14252, 1110, 0, 0
2507, 0, 36, 279, 274, 91, 3.60%, 0, 0, 2, 4.23, 14274, 1110, 0, 0
2512, 0, 36, 279, 274, 91, 3.60%, 0, 0, 2, 4.24, 14296, 1110, 0, 0
2517, 0, 36, 279, 274, 91, 3.60%, 0, 0, 2, 4.12, 14317, 1110, 0, 0
2522, 0, 36, 279, 274, 91, 3.60%, 0, 0, 2, 4.19, 14339, 1110, 0, 0
2527, 0, 36, 279, 274, 91, 3.60%, 0, 0, 2, 4.17, 14360, 1110, 0, 0
2533, 0, 36, 279, 274, 91, 3.60%, 0, 0, 2, 4.22, 14382, 1110, 0, 0
2538, 0, 36, 280, 275, 91, 3.61%, 0, 0, 2, 4.21, 14403, 1113, 0, 0
2543, 0, 36, 280, 275, 91, 3.61%, 0, 0, 2, 4.05, 14423, 1113, 0, 0
2548, 0, 36, 280, 275, 91, 3.61%, 0, 0, 2, 4.10, 14444, 1113, 0, 0
2553, 0, 36, 280, 275, 91, 3.61%, 0, 0, 2, 4.22, 14466, 1113, 0, 0
2558, 0, 36, 280, 275, 91, 3.61%, 0, 0, 2, 4.25, 14488, 1113, 0, 0
2563, 0, 36, 280, 275, 91, 3.61%, 0, 0, 2, 4.27, 14510, 1113, 0, 0
2569, 0, 36, 280, 275, 91, 3.61%, 0, 0, 2, 4.23, 14532, 1113, 0, 0
2574, 0, 36, 280, 275, 91, 3.61%, 0, 0, 2, 3.82, 14549, 1113, 0, 0
2579, 0, 36, 280, 275, 91, 3.61%, 0, 0, 2, 3.70, 14568, 1113, 0, 0
2584, 0, 36, 280, 275, 91, 3.61%, 0, 0, 2, 3.69, 14587, 1113, 0, 0
2589, 0, 36, 280, 275, 91, 3.61%, 0, 0, 2, 3.59, 14604, 1113, 0, 0
2594, 0, 36, 280, 275, 91, 3.61%, 0, 0, 2, 3.63, 14622, 1113, 0, 0
2599, 0, 36, 280, 275, 91, 3.61%, 0, 0, 2, 3.74, 14641, 1113, 0, 0
2605, 0, 36, 280, 275, 91, 3.61%, 0, 0, 2, 3.71, 14660, 1113, 0, 0
2610, 0, 36, 280, 275, 91, 3.61%, 0, 0, 2, 3.75, 14679, 1113, 0, 0
2614, 0, 36, 280, 275, 91, 3.61%, 0, 0, 2, 0.00, 14694, 1113, 0, 0
2688, 0, 0, 423, 385, 143, 4.52%, 0, 0, 3, 26.76, 16665, 1394, 0, 0
2693, 0, 7, 424, 385, 217, 4.53%, 0, 0, 4, 26.34, 16800, 1395, 0, 0
2698, 0, 222, 424, 383, 216, 4.53%, 0, 0, 4, 26.01, 16940, 1395, 0, 0
2703, 0, 222, 424, 383, 216, 4.53%, 0, 0, 4, 26.17, 17073, 1395, 0, 0
2708, 0, 222, 424, 383, 216, 4.53%, 0, 0, 4, 25.47, 17203, 1395, 0, 0
2713, 0, 222, 424, 383, 216, 4.53%, 0, 0, 4, 24.28, 17326, 1395, 0, 0
2719, 0, 222, 424, 383, 216, 4.53%, 0, 0, 4, 24.61, 17453, 1395, 0, 0
2724, 0, 222, 425, 384, 216, 4.53%, 0, 0, 5, 25.70, 17583, 1396, 0, 0
2729, 0, 222, 425, 384, 216, 4.53%, 0, 0, 5, 25.35, 17711, 1396, 0, 0
2734, 0, 222, 425, 384, 216, 4.53%, 0, 0, 5, 25.35, 17843, 1396, 0, 0
2739, 0, 222, 425, 384, 216, 4.53%, 0, 0, 5, 25.76, 17975, 1396, 0, 0
2744, 0, 222, 425, 384, 216, 4.53%, 0, 0, 5, 26.00, 18106, 1396, 0, 0
2749, 0, 222, 426, 385, 216, 4.53%, 0, 0, 5, 25.91, 18238, 1397, 0, 0
2754, 0, 222, 426, 385, 216, 4.53%, 0, 0, 5, 25.10, 18364, 1397, 0, 0
2759, 0, 222, 426, 385, 216, 4.53%, 0, 0, 5, 25.35, 18491, 1397, 0, 0
2764, 0, 222, 426, 385, 216, 4.53%, 0, 0, 5, 26.32, 18629, 1397, 0, 0
2770, 0, 222, 426, 385, 216, 4.53%, 0, 0, 5, 25.73, 18762, 1397, 0, 0
2775, 0, 222, 426, 385, 216, 4.53%, 0, 0, 5, 24.55, 18888, 1397, 0, 0
2780, 0, 222, 427, 386, 216, 4.54%, 0, 0, 5, 25.34, 19018, 1398, 0, 0
2785, 0, 222, 427, 386, 216, 4.54%, 0, 0, 5, 26.02, 19152, 1398, 0, 0
2790, 0, 222, 427, 386, 216, 4.54%, 0, 0, 5, 25.52, 19285, 1398, 0, 0
2795, 0, 222, 428, 387, 216, 4.54%, 0, 0, 5, 25.35, 19416, 1398, 0, 0
2800, 0, 222, 428, 387, 216, 4.54%, 0, 0, 5, 25.70, 19545, 1398, 0, 0
2805, 0, 19, 429, 387, 218, 4.54%, 0, 0, 5, 26.73, 19680, 1399, 0, 0
2810, 0, 19, 429, 387, 218, 4.54%, 0, 0, 5, 26.52, 19813, 1399, 0, 0
2816, 0, 19, 429, 387, 218, 4.54%, 0, 0, 5, 26.71, 19951, 1399, 0, 0
2821, 0, 19, 429, 387, 218, 4.54%, 0, 0, 5, 26.56, 20087, 1399, 0, 0
2826, 0, 19, 429, 387, 218, 4.54%, 0, 0, 5, 26.15, 20218, 1399, 0, 0
2831, 0, 377, 432, 389, 217, 4.57%, 0, 0, 5, 26.34, 20358, 1407, 0, 0
2836, 0, 377, 435, 392, 217, 4.59%, 0, 0, 5, 24.47, 20472, 1414, 0, 0
2841, 0, 377, 437, 394, 217, 4.60%, 0, 0, 5, 26.68, 20613, 1418, 0, 0
2846, 0, 377, 438, 395, 217, 4.61%, 0, 0, 5, 26.53, 20752, 1419, 0, 0
2852, 0, 377, 438, 395, 217, 4.61%, 0, 0, 5, 28.37, 20900, 1419, 0, 0
2857, 0, 377, 438, 395, 217, 4.61%, 0, 0, 5, 26.41, 21034, 1419, 0, 0
2862, 0, 377, 438, 395, 217, 4.61%, 0, 0, 5, 25.46, 21163, 1419, 0, 0
2867, 0, 377, 438, 395, 217, 4.61%, 0, 0, 5, 24.64, 21290, 1419, 0, 0
2872, 0, 377, 439, 396, 217, 4.61%, 0, 0, 5, 24.95, 21417, 1420, 0, 0
2877, 0, 377, 439, 396, 217, 4.61%, 0, 0, 5, 24.82, 21542, 1420, 0, 0
2882, 0, 377, 440, 397, 217, 4.61%, 0, 0, 5, 25.06, 21671, 1421, 0, 0
2887, 0, 377, 442, 399, 217, 4.63%, 0, 0, 5, 25.47, 21805, 1426, 0, 0
2893, 0, 377, 443, 400, 217, 4.64%, 0, 0, 5, 24.04, 21928, 1431, 0, 0
2898, 0, 377, 443, 400, 217, 4.64%, 0, 0, 5, 24.87, 22057, 1431, 0, 0
2903, 0, 377, 443, 400, 217, 4.64%, 0, 0, 5, 25.33, 22188, 1431, 0, 0
2908, 0, 377, 445, 402, 217, 4.65%, 0, 0, 5, 25.70, 22320, 1432, 0, 0
2913, 0, 377, 445, 402, 217, 4.65%, 0, 0, 5, 25.32, 22451, 1432, 0, 0
2918, 0, 377, 446, 403, 217, 4.65%, 0, 0, 5, 26.16, 22584, 1434, 0, 0
2923, 0, 377, 446, 403, 217, 4.65%, 0, 0, 5, 25.54, 22712, 1434, 0, 0
2928, 0, 377, 447, 404, 217, 4.65%, 0, 0, 5, 25.31, 22842, 1434, 0, 0
2933, 0, 377, 448, 405, 217, 4.65%, 0, 0, 5, 25.12, 22970, 1434, 0, 0
2938, 0, 377, 448, 405, 217, 4.65%, 0, 0, 5, 24.01, 23087, 1434, 0, 0
2943, 0, 377, 448, 405, 217, 4.65%, 0, 0, 5, 24.19, 23209, 1434, 0, 0
2948, 0, 377, 448, 405, 217, 4.65%, 0, 0, 5, 25.16, 23337, 1434, 0, 0
2954, 0, 377, 449, 406, 217, 4.65%, 0, 0, 5, 24.30, 23465, 1434, 0, 0
2959, 0, 377, 449, 406, 217, 4.65%, 0, 0, 5, 24.50, 23592, 1434, 0, 0
2964, 0, 377, 449, 406, 217, 4.65%, 0, 0, 5, 25.34, 23724, 1434, 0, 0
2969, 0, 377, 449, 406, 217, 4.65%, 0, 0, 5, 25.33, 23855, 1434, 0, 0
2974, 0, 377, 449, 406, 217, 4.65%, 0, 0, 5, 25.54, 23988, 1434, 0, 0
2979, 0, 377, 449, 406, 217, 4.65%, 0, 0, 5, 25.24, 24118, 1434, 0, 0
2985, 0, 377, 449, 406, 217, 4.65%, 0, 0, 5, 25.27, 24244, 1434, 0, 0
2990, 0, 377, 449, 406, 217, 4.65%, 0, 0, 5, 24.58, 24368, 1434, 0, 0
2995, 0, 377, 449, 406, 217, 4.65%, 0, 0, 5, 24.91, 24494, 1434, 0, 0
3000, 0, 377, 450, 407, 217, 4.66%, 0, 0, 5, 25.39, 24625, 1436, 0, 0
3005, 0, 377, 451, 408, 217, 4.66%, 0, 0, 5, 25.03, 24751, 1437, 0, 0
3010, 0, 377, 451, 408, 217, 4.66%, 0, 0, 5, 25.53, 24881, 1437, 0, 0
3015, 0, 377, 452, 409, 217, 4.67%, 0, 0, 5, 24.93, 25006, 1439, 0, 0
3020, 0, 377, 453, 410, 217, 4.67%, 0, 0, 5, 25.27, 25137, 1439, 0, 0
3025, 0, 377, 454, 411, 217, 4.68%, 0, 0, 5, 25.35, 25266, 1441, 0, 0
3030, 0, 377, 454, 411, 217, 4.68%, 0, 0, 5, 24.91, 25394, 1441, 0, 0
3035, 0, 377, 454, 411, 217, 4.68%, 0, 0, 5, 24.90, 25521, 1441, 0, 0
3040, 0, 377, 455, 412, 217, 4.68%, 0, 0, 5, 25.65, 25655, 1441, 0, 0
3046, 0, 377, 455, 412, 217, 4.68%, 0, 0, 5, 24.93, 25783, 1441, 0, 0
3051, 0, 377, 455, 412, 217, 4.68%, 0, 0, 5, 24.49, 25906, 1441, 0, 0
3056, 0, 377, 457, 414, 217, 4.68%, 0, 0, 5, 25.44, 26038, 1442, 0, 0
3061, 0, 377, 457, 414, 217, 4.68%, 0, 0, 5, 25.81, 26170, 1442, 0, 0
3066, 0, 377, 457, 414, 217, 4.68%, 0, 0, 5, 24.69, 26293, 1442, 0, 0
3071, 0, 377, 457, 414, 217, 4.68%, 0, 0, 5, 25.14, 26422, 1442, 0, 0
3076, 0, 377, 457, 414, 217, 4.68%, 0, 0, 5, 25.25, 26551, 1442, 0, 0
3081, 0, 377, 458, 415, 217, 4.68%, 0, 0, 5, 25.58, 26683, 1443, 0, 0
3086, 0, 377, 458, 415, 217, 4.68%, 0, 0, 5, 25.48, 26812, 1443, 0, 0
3092, 0, 377, 459, 416, 217, 4.68%, 0, 0, 5, 25.19, 26943, 1443, 0, 0
3097, 0, 377, 459, 416, 217, 4.68%, 0, 0, 5, 25.44, 27073, 1443, 0, 0
3102, 0, 377, 460, 417, 217, 4.69%, 0, 0, 5, 25.31, 27203, 1444, 0, 0
3107, 0, 377, 461, 418, 217, 4.69%, 0, 0, 5, 24.49, 27326, 1444, 0, 0
3112, 0, 377, 462, 419, 217, 4.69%, 0, 0, 5, 24.96, 27453, 1444, 0, 0
3117, 0, 377, 463, 420, 217, 4.69%, 0, 0, 5, 25.50, 27582, 1445, 0, 0
3122, 0, 377, 464, 421, 217, 4.69%, 0, 0, 5, 26.05, 27715, 1446, 0, 0
3127, 0, 377, 464, 421, 217, 4.69%, 0, 0, 5, 25.63, 27848, 1446, 0, 0
3132, 0, 377, 464, 421, 217, 4.69%, 0, 0, 5, 23.79, 27972, 1446, 0, 0
3138, 0, 377, 465, 422, 217, 4.70%, 0, 0, 5, 25.03, 28102, 1448, 0, 0
3143, 0, 377, 466, 423, 217, 4.70%, 0, 0, 5, 24.71, 28229, 1449, 0, 0
3148, 0, 377, 466, 423, 217, 4.70%, 0, 0, 5, 25.47, 28361, 1449, 0, 0
3153, 0, 377, 466, 423, 217, 4.70%, 0, 0, 5, 25.37, 28489, 1449, 0, 0
3158, 0, 377, 466, 423, 217, 4.70%, 0, 0, 5, 25.14, 28615, 1449, 0, 0
3163, 0, 377, 466, 423, 217, 4.70%, 0, 0, 5, 25.52, 28746, 1449, 0, 0
3168, 0, 377, 466, 423, 217, 4.70%, 0, 0, 5, 25.36, 28877, 1449, 0, 0
3173, 0, 377, 466, 423, 217, 4.70%, 0, 0, 5, 24.88, 29005, 1449, 0, 0
3178, 0, 377, 466, 423, 217, 4.70%, 0, 0, 5, 25.64, 29136, 1449, 0, 0
3183, 0, 377, 466, 423, 217, 4.70%, 0, 0, 5, 25.32, 29264, 1449, 0, 0
3189, 0, 377, 466, 423, 217, 4.70%, 0, 0, 5, 25.18, 29395, 1449, 0, 0
3194, 0, 377, 466, 423, 217, 4.70%, 0, 0, 5, 24.75, 29523, 1449, 0, 0
3199, 0, 377, 466, 423, 217, 4.70%, 0, 0, 5, 24.86, 29649, 1449, 0, 0
3204, 0, 377, 467, 424, 217, 4.71%, 0, 0, 5, 24.97, 29778, 1450, 0, 0
3209, 0, 377, 468, 425, 217, 4.71%, 0, 0, 5, 24.78, 29909, 1451, 0, 0
3214, 0, 377, 468, 425, 217, 4.71%, 0, 0, 5, 24.46, 30036, 1451, 0, 0
3219, 0, 377, 468, 425, 217, 4.71%, 0, 0, 5, 25.25, 30164, 1451, 0, 0
3224, 0, 377, 468, 425, 217, 4.71%, 0, 0, 5, 25.33, 30295, 1451, 0, 0
3230, 0, 377, 468, 425, 217, 4.71%, 0, 0, 5, 25.15, 30422, 1451, 0, 0
3235, 0, 377, 469, 426, 217, 4.71%, 0, 0, 5, 25.30, 30550, 1452, 0, 0
3240, 0, 377, 469, 426, 217, 4.71%, 0, 0, 5, 24.83, 30673, 1452, 0, 0
3245, 0, 377, 469, 426, 217, 4.71%, 0, 0, 5, 25.53, 30803, 1452, 0, 0
3250, 0, 377, 469, 426, 217, 4.71%, 0, 0, 5, 25.92, 30935, 1452, 0, 0
3255, 0, 377, 471, 428, 217, 4.72%, 0, 0, 5, 24.59, 31059, 1453, 0, 0
3260, 0, 377, 472, 429, 217, 4.73%, 0, 0, 5, 24.81, 31186, 1456, 0, 0
3265, 0, 377, 472, 429, 217, 4.73%, 0, 0, 5, 25.57, 31315, 1456, 0, 0
3270, 0, 377, 472, 429, 217, 4.73%, 0, 0, 5, 25.25, 31441, 1456, 0, 0
3275, 0, 377, 472, 429, 217, 4.73%, 0, 0, 5, 25.73, 31570, 1456, 0, 0
3280, 0, 377, 472, 429, 217, 4.73%, 0, 0, 5, 25.55, 31702, 1456, 0, 0
3285, 0, 377, 472, 429, 217, 4.73%, 0, 0, 5, 25.49, 31829, 1456, 0, 0
3290, 0, 25, 472, 428, 241, 4.73%, 0, 0, 5, 26.19, 31963, 1456, 0, 0
3295, 0, 25, 472, 428, 241, 4.73%, 0, 0, 5, 26.15, 32097, 1456, 0, 0
3301, 0, 25, 472, 428, 241, 4.73%, 0, 0, 5, 26.90, 32231, 1456, 0, 0
3306, 0, 25, 473, 429, 241, 4.73%, 0, 0, 5, 26.65, 32370, 1458, 0, 0
3311, 0, 25, 474, 430, 241, 4.74%, 0, 0, 5, 26.60, 32503, 1459, 0, 0
3316, 0, 25, 475, 431, 241, 4.74%, 0, 0, 5, 26.32, 32635, 1459, 0, 0
3321, 0, 25, 475, 431, 241, 4.74%, 0, 0, 5, 26.53, 32768, 1459, 0, 0
3326, 0, 25, 475, 431, 241, 4.74%, 0, 0, 5, 26.69, 32904, 1459, 0, 0
3331, 0, 25, 477, 433, 241, 4.74%, 0, 0, 5, 27.99, 33047, 1460, 0, 0
3336, 0, 25, 477, 433, 241, 4.74%, 0, 0, 5, 26.61, 33182, 1460, 0, 0
3341, 0, 25, 477, 433, 241, 4.74%, 0, 0, 5, 26.94, 33320, 1460, 0, 0
3346, 0, 25, 478, 434, 241, 4.74%, 0, 0, 5, 26.38, 33456, 1461, 0, 0
3352, 0, 25, 479, 435, 241, 4.75%, 0, 0, 5, 26.79, 33593, 1462, 0, 0
3357, 0, 25, 479, 435, 241, 4.75%, 0, 0, 5, 26.65, 33730, 1462, 0, 0
3362, 0, 25, 479, 435, 241, 4.75%, 0, 0, 5, 27.00, 33870, 1462, 0, 0
3367, 0, 25, 480, 436, 241, 4.75%, 0, 0, 5, 26.35, 34003, 1462, 0, 0
3372, 0, 25, 480, 436, 241, 4.75%, 0, 0, 5, 25.79, 34138, 1462, 0, 0
3377, 0, 25, 480, 436, 241, 4.75%, 0, 0, 5, 26.54, 34271, 1462, 0, 0
3382, 0, 25, 480, 436, 241, 4.75%, 0, 0, 5, 26.46, 34403, 1462, 0, 0
3387, 0, 25, 480, 436, 241, 4.75%, 0, 0, 5, 26.32, 34537, 1462, 0, 0
3393, 0, 27, 481, 436, 245, 4.75%, 0, 0, 5, 26.14, 34674, 1463, 0, 0
3398, 0, 27, 483, 438, 245, 4.76%, 0, 0, 5, 25.36, 34804, 1467, 0, 0
3403, 0, 27, 483, 438, 245, 4.76%, 0, 0, 5, 26.10, 34940, 1467, 0, 0
3408, 0, 27, 484, 439, 245, 4.76%, 0, 0, 5, 26.30, 35075, 1467, 0, 0
3413, 0, 27, 485, 440, 245, 4.76%, 0, 0, 5, 25.66, 35209, 1468, 0, 0
3418, 0, 27, 485, 440, 245, 4.76%, 0, 0, 5, 26.07, 35343, 1468, 0, 0
3423, 0, 27, 486, 441, 245, 4.77%, 0, 0, 5, 25.55, 35476, 1469, 0, 0
3428, 0, 27, 486, 441, 245, 4.77%, 0, 0, 5, 25.64, 35609, 1469, 0, 0
3433, 0, 27, 486, 441, 245, 4.77%, 0, 0, 5, 25.21, 35738, 1469, 0, 0
3439, 0, 27, 488, 443, 245, 4.77%, 0, 0, 5, 25.64, 35868, 1471, 0, 0
3444, 0, 27, 489, 444, 245, 4.78%, 0, 0, 5, 25.89, 36005, 1472, 0, 0
3449, 0, 27, 489, 444, 245, 4.78%, 0, 0, 5, 25.59, 36139, 1472, 0, 0
3454, 0, 27, 489, 444, 245, 4.78%, 0, 0, 5, 25.75, 36272, 1472, 0, 0
3459, 0, 27, 489, 444, 245, 4.78%, 0, 0, 5, 26.25, 36405, 1472, 0, 0
3464, 0, 27, 489, 444, 245, 4.78%, 0, 0, 5, 26.93, 36547, 1472, 0, 0
3470, 0, 27, 490, 445, 245, 4.78%, 0, 0, 5, 26.14, 36691, 1472, 0, 0
3475, 0, 27, 490, 445, 245, 4.78%, 0, 0, 5, 26.05, 36824, 1472, 0, 0
3480, 0, 27, 491, 446, 245, 4.78%, 0, 0, 5, 26.46, 36961, 1473, 0, 0
3485, 0, 27, 491, 446, 245, 4.78%, 0, 0, 5, 25.60, 37091, 1473, 0, 0
3490, 0, 27, 491, 446, 245, 4.78%, 0, 0, 5, 26.96, 37228, 1473, 0, 0
3496, 0, 30, 491, 445, 250, 4.78%, 0, 0, 5, 26.68, 37365, 1473, 0, 0
3501, 0, 30, 492, 446, 250, 4.78%, 0, 0, 5, 25.04, 37490, 1474, 0, 0
3506, 0, 30, 492, 446, 250, 4.78%, 0, 0, 5, 25.88, 37626, 1474, 0, 0
3511, 0, 30, 492, 446, 250, 4.78%, 0, 0, 5, 26.72, 37760, 1474, 0, 0
3516, 0, 30, 493, 447, 250, 4.79%, 0, 0, 5, 25.47, 37887, 1475, 0, 0
3521, 0, 30, 493, 447, 250, 4.79%, 0, 0, 5, 25.59, 38018, 1475, 0, 0
3526, 0, 30, 493, 447, 250, 4.79%, 0, 0, 5, 25.60, 38146, 1475, 0, 0
3531, 0, 30, 493, 447, 250, 4.79%, 0, 0, 5, 25.38, 38278, 1475, 0, 0
3536, 0, 30, 494, 448, 250, 4.79%, 0, 0, 5, 24.34, 38399, 1476, 0, 0
3541, 0, 30, 494, 448, 250, 4.79%, 0, 0, 5, 25.60, 38532, 1476, 0, 0
3546, 0, 30, 494, 448, 250, 4.79%, 0, 0, 5, 25.54, 38662, 1476, 0, 0
3551, 0, 30, 494, 448, 250, 4.79%, 0, 0, 5, 25.42, 38789, 1476, 0, 0
3557, 0, 30, 494, 448, 250, 4.79%, 0, 0, 5, 25.35, 38920, 1476, 0, 0
3562, 0, 30, 494, 448, 250, 4.79%, 0, 0, 5, 25.61, 39050, 1476, 0, 0
3567, 0, 30, 494, 448, 250, 4.79%, 0, 0, 5, 25.51, 39177, 1476, 0, 0
3572, 0, 30, 494, 448, 250, 4.79%, 0, 0, 5, 25.67, 39309, 1476, 0, 0
3577, 0, 30, 494, 448, 250, 4.79%, 0, 0, 5, 26.22, 39444, 1476, 0, 0
3582, 0, 30, 494, 448, 250, 4.79%, 0, 0, 5, 25.49, 39572, 1476, 0, 0
3587, 0, 30, 494, 448, 250, 4.79%, 0, 0, 5, 25.58, 39701, 1476, 0, 0
3592, 0, 30, 494, 448, 250, 4.79%, 0, 0, 5, 25.79, 39829, 1476, 0, 0
3599, 0, 37, 494, 447, 250, 4.79%, 0, 0, 5, 25.58, 40011, 1476, 0, 0
3605, 0, 37, 494, 447, 250, 4.79%, 0, 0, 5, 25.77, 40142, 1476, 0, 0
3610, 0, 37, 494, 447, 250, 4.79%, 0, 0, 5, 26.05, 40275, 1476, 0, 0
3615, 0, 37, 495, 448, 250, 4.79%, 0, 0, 5, 25.41, 40403, 1476, 0, 0
3620, 0, 37, 496, 449, 250, 4.79%, 0, 0, 5, 26.31, 40536, 1477, 0, 0
3625, 0, 37, 496, 449, 250, 4.79%, 0, 0, 5, 27.05, 40673, 1477, 0, 0
3630, 0, 37, 497, 450, 250, 4.80%, 0, 0, 5, 26.37, 40810, 1478, 0, 0
3635, 0, 37, 497, 450, 250, 4.80%, 0, 0, 5, 26.78, 40951, 1478, 0, 0
3640, 0, 37, 497, 450, 250, 4.80%, 0, 0, 5, 26.96, 41083, 1478, 0, 0
3645, 0, 37, 497, 450, 250, 4.80%, 0, 0, 5, 26.63, 41217, 1478, 0, 0
3650, 0, 37, 497, 450, 250, 4.80%, 0, 0, 5, 26.92, 41352, 1478, 0, 0
3655, 0, 37, 499, 452, 250, 4.80%, 0, 0, 5, 25.89, 41479, 1480, 0, 0
3660, 0, 37, 499, 452, 250, 4.80%, 0, 0, 5, 25.89, 41609, 1480, 0, 0
3666, 0, 37, 499, 452, 250, 4.80%, 0, 0, 5, 25.50, 41742, 1480, 0, 0
3671, 0, 37, 499, 452, 250, 4.80%, 0, 0, 5, 26.36, 41876, 1480, 0, 0
3676, 0, 37, 500, 453, 250, 4.81%, 0, 0, 5, 26.40, 42013, 1481, 0, 0
3681, 0, 37, 501, 454, 250, 4.81%, 0, 0, 5, 25.95, 42146, 1482, 0, 0
3686, 0, 37, 501, 454, 250, 4.81%, 0, 0, 5, 26.33, 42282, 1482, 0, 0
3692, 0, 37, 501, 454, 250, 4.81%, 0, 0, 5, 26.54, 42421, 1482, 0, 0
3697, 0, 37, 501, 454, 250, 4.81%, 0, 0, 5, 26.55, 42559, 1482, 0, 0
3702, 0, 48, 501, 453, 254, 4.81%, 0, 0, 5, 26.67, 42712, 1482, 0, 0
3708, 0, 48, 502, 454, 254, 4.81%, 0, 0, 5, 26.10, 42845, 1482, 0, 0
3713, 0, 48, 503, 455, 254, 4.81%, 0, 0, 5, 25.94, 42977, 1483, 0, 0
3718, 0, 48, 505, 457, 254, 4.82%, 0, 0, 5, 25.98, 43111, 1484, 0, 0
3723, 0, 48, 506, 458, 254, 4.82%, 0, 0, 5, 26.10, 43248, 1485, 0, 0
3728, 0, 48, 507, 459, 254, 4.82%, 0, 0, 5, 25.52, 43380, 1485, 0, 0
3733, 0, 48, 507, 459, 254, 4.82%, 0, 0, 5, 24.56, 43509, 1485, 0, 0
3739, 0, 48, 508, 460, 254, 4.84%, 0, 0, 5, 26.26, 43649, 1490, 0, 0
3744, 0, 48, 508, 460, 254, 4.84%, 0, 0, 5, 25.76, 43780, 1490, 0, 0
3749, 0, 48, 508, 460, 254, 4.84%, 0, 0, 5, 25.51, 43910, 1490, 0, 0
3754, 0, 48, 509, 461, 254, 4.84%, 0, 0, 5, 26.16, 44049, 1490, 0, 0
3759, 0, 48, 510, 462, 254, 4.84%, 0, 0, 5, 26.21, 44183, 1491, 0, 0
3764, 0, 48, 510, 462, 254, 4.84%, 0, 0, 5, 26.56, 44318, 1491, 0, 0
3769, 0, 48, 511, 463, 254, 4.84%, 0, 0, 5, 25.80, 44453, 1491, 0, 0
3774, 0, 48, 511, 463, 254, 4.84%, 0, 0, 5, 26.93, 44593, 1491, 0, 0
3780, 0, 48, 513, 465, 254, 4.84%, 0, 0, 5, 26.09, 44733, 1491, 0, 0
3785, 0, 48, 513, 465, 254, 4.84%, 0, 0, 5, 26.18, 44864, 1491, 0, 0
3790, 0, 48, 514, 466, 254, 4.84%, 0, 0, 5, 26.46, 44998, 1491, 0, 0
3795, 0, 48, 514, 466, 254, 4.84%, 0, 0, 5, 27.73, 45138, 1491, 0, 0
3800, 0, 48, 515, 467, 254, 4.84%, 0, 0, 5, 27.51, 45282, 1491, 0, 0
3805, 0, 48, 515, 467, 254, 4.84%, 0, 0, 5, 26.67, 45419, 1491, 0, 0
3810, 0, 51, 516, 467, 258, 4.84%, 0, 0, 5, 26.42, 45552, 1491, 0, 0
3816, 0, 51, 518, 469, 258, 4.85%, 0, 0, 5, 26.35, 45689, 1493, 0, 0
3821, 0, 51, 518, 469, 258, 4.85%, 0, 0, 5, 26.26, 45824, 1493, 0, 0
3826, 0, 51, 518, 469, 258, 4.85%, 0, 0, 5, 26.47, 45962, 1493, 0, 0
3831, 0, 51, 518, 469, 258, 4.85%, 0, 0, 5, 26.33, 46094, 1493, 0, 0
3836, 0, 51, 518, 469, 258, 4.85%, 0, 0, 5, 25.89, 46224, 1493, 0, 0
3841, 0, 51, 518, 469, 258, 4.85%, 0, 0, 5, 25.08, 46349, 1493, 0, 0
3846, 0, 51, 519, 470, 258, 4.85%, 0, 0, 5, 25.68, 46479, 1494, 0, 0
3851, 0, 51, 520, 471, 258, 4.85%, 0, 0, 5, 25.29, 46609, 1494, 0, 0
3856, 0, 51, 520, 471, 258, 4.85%, 0, 0, 5, 25.52, 46740, 1494, 0, 0
3862, 0, 51, 520, 471, 258, 4.85%, 0, 0, 5, 26.55, 46873, 1494, 0, 0
3867, 0, 51, 520, 471, 258, 4.85%, 0, 0, 5, 25.95, 47003, 1494, 0, 0
3872, 0, 51, 520, 471, 258, 4.85%, 0, 0, 5, 26.15, 47137, 1494, 0, 0
3877, 0, 51, 520, 471, 258, 4.85%, 0, 0, 5, 25.62, 47268, 1494, 0, 0
3882, 0, 51, 520, 471, 258, 4.85%, 0, 0, 5, 26.13, 47402, 1494, 0, 0
3887, 0, 51, 521, 472, 258, 4.85%, 0, 0, 5, 24.65, 47531, 1494, 0, 0
3892, 0, 51, 521, 472, 258, 4.85%, 0, 0, 5, 24.01, 47655, 1494, 0, 0
3897, 0, 51, 521, 472, 258, 4.85%, 0, 0, 5, 26.42, 47794, 1494, 0, 0
3902, 0, 51, 521, 472, 258, 4.85%, 0, 0, 5, 26.73, 47931, 1494, 0, 0
3907, 0, 51, 522, 473, 258, 4.85%, 0, 0, 5, 27.03, 48069, 1494, 0, 0
3913, 0, 51, 524, 474, 257, 4.86%, 0, 0, 5, 25.57, 48196, 1497, 0, 0
3918, 0, 51, 534, 484, 257, 4.95%, 0, 0, 5, 26.09, 48331, 1526, 0, 0
3923, 0, 51, 544, 494, 257, 5.06%, 0, 0, 5, 26.36, 48467, 1558, 0, 0
3928, 0, 51, 554, 504, 257, 5.10%, 0, 0, 5, 26.62, 48605, 1571, 0, 0
3933, 0, 51, 564, 514, 257, 5.12%, 0, 0, 5, 26.63, 48741, 1576, 0, 0
3938, 0, 51, 575, 525, 257, 5.13%, 0, 0, 5, 26.89, 48886, 1581, 0, 0
3944, 0, 51, 585, 535, 257, 5.15%, 0, 0, 5, 27.47, 49035, 1588, 0, 0
3949, 0, 51, 596, 546, 257, 5.18%, 0, 0, 5, 27.40, 49176, 1595, 0, 0
3954, 0, 51, 607, 557, 257, 5.18%, 0, 0, 5, 26.59, 49314, 1597, 0, 0
3959, 0, 51, 618, 568, 257, 5.19%, 0, 0, 5, 27.36, 49462, 1600, 0, 0
3965, 0, 51, 629, 579, 257, 5.20%, 0, 0, 5, 27.33, 49600, 1601, 0, 0
3970, 0, 51, 639, 589, 257, 5.34%, 0, 0, 5, 26.40, 49730, 1646, 0, 0
3975, 0, 51, 649, 599, 257, 5.38%, 0, 0, 5, 25.89, 49864, 1658, 0, 0
3980, 0, 51, 660, 610, 257, 5.43%, 0, 0, 5, 26.44, 50001, 1674, 0, 0
3986, 0, 51, 671, 621, 257, 5.50%, 0, 0, 5, 26.70, 50144, 1695, 0, 0
3992, 0, 67, 680, 630, 334, 5.55%, 0, 0, 5, 26.69, 50307, 1709, 0, 0
3997, 0, 67, 680, 630, 334, 5.55%, 0, 0, 5, 25.73, 50436, 1709, 0, 0
4002, 0, 67, 682, 632, 334, 5.55%, 0, 0, 5, 24.74, 50564, 1711, 0, 0
4007, 0, 67, 682, 632, 334, 5.55%, 0, 0, 5, 25.66, 50700, 1711, 0, 0
4012, 0, 67, 682, 632, 334, 5.55%, 0, 0, 5, 25.43, 50830, 1711, 0, 0
4017, 0, 67, 683, 633, 334, 5.56%, 0, 0, 5, 25.74, 50961, 1712, 0, 0
4022, 0, 67, 683, 633, 334, 5.56%, 0, 0, 5, 26.26, 51094, 1712, 0, 0
4025, 0, 67, 683, 633, 334, 5.56%, 0, 0, 5, 24.95, 51145, 1712, 0, 0
4087, 0, 463, 759, 709, 334, 5.73%, 0, 0, 5, 23.52, 52699, 1764, 0, 0
4092, 0, 463, 762, 712, 334, 5.73%, 0, 0, 5, 23.01, 52817, 1764, 0, 0
4097, 0, 463, 764, 714, 334, 5.73%, 0, 0, 5, 24.29, 52944, 1764, 0, 0
4102, 0, 463, 767, 717, 334, 5.73%, 0, 0, 5, 24.57, 53067, 1765, 0, 0
4107, 0, 463, 770, 720, 334, 5.73%, 0, 0, 5, 23.85, 53190, 1765, 0, 0
4112, 0, 463, 772, 722, 334, 5.74%, 0, 0, 5, 24.64, 53317, 1769, 0, 0
4117, 0, 463, 775, 725, 334, 5.75%, 0, 0, 5, 24.64, 53440, 1770, 0, 0
4123, 0, 463, 775, 725, 334, 5.75%, 0, 0, 5, 24.20, 53563, 1770, 0, 0
4128, 0, 463, 777, 727, 334, 5.75%, 0, 0, 5, 22.80, 53678, 1770, 0, 0
4133, 0, 463, 781, 731, 334, 5.75%, 0, 0, 5, 23.01, 53788, 1770, 0, 0
4138, 0, 463, 782, 732, 334, 5.75%, 0, 0, 5, 24.32, 53914, 1770, 0, 0
4143, 0, 463, 784, 734, 334, 5.75%, 0, 0, 5, 21.99, 54029, 1770, 0, 0
4148, 0, 463, 787, 737, 334, 5.75%, 0, 0, 5, 23.38, 54150, 1771, 0, 0
4153, 0, 463, 787, 737, 334, 5.75%, 0, 0, 5, 23.57, 54269, 1771, 0, 0
4158, 0, 463, 787, 737, 334, 5.75%, 0, 0, 5, 24.75, 54399, 1771, 0, 0
4164, 0, 463, 787, 737, 334, 5.75%, 0, 0, 5, 25.30, 54527, 1771, 0, 0
4169, 0, 463, 788, 738, 334, 5.75%, 0, 0, 5, 25.18, 54655, 1771, 0, 0
4174, 0, 463, 788, 738, 334, 5.75%, 0, 0, 5, 24.06, 54778, 1771, 0, 0
4179, 0, 463, 790, 740, 334, 5.75%, 0, 0, 5, 23.16, 54896, 1773, 0, 0
4184, 0, 463, 791, 741, 334, 5.75%, 0, 0, 5, 23.92, 55016, 1773, 0, 0
4189, 0, 463, 791, 741, 334, 5.75%, 0, 0, 5, 24.04, 55138, 1773, 0, 0
4194, 0, 463, 792, 742, 334, 5.75%, 0, 0, 5, 23.62, 55257, 1773, 0, 0
4199, 0, 463, 792, 742, 334, 5.75%, 0, 0, 5, 24.42, 55385, 1773, 0, 0
4204, 0, 463, 792, 742, 334, 5.75%, 0, 0, 5, 23.17, 55504, 1773, 0, 0
4210, 0, 463, 793, 743, 334, 5.75%, 0, 0, 5, 23.95, 55629, 1773, 0, 0
4215, 0, 463, 793, 743, 334, 5.75%, 0, 0, 5, 25.38, 55760, 1773, 0, 0
4220, 0, 463, 794, 744, 334, 5.75%, 0, 0, 5, 25.88, 55889, 1773, 0, 0
4225, 0, 463, 794, 744, 334, 5.75%, 0, 0, 5, 24.69, 56016, 1773, 0, 0
4230, 0, 463, 795, 745, 334, 5.75%, 0, 0, 5, 23.26, 56137, 1773, 0, 0
4235, 0, 463, 795, 745, 334, 5.75%, 0, 0, 5, 24.35, 56260, 1773, 0, 0
4240, 0, 463, 796, 746, 334, 5.75%, 0, 0, 5, 24.58, 56383, 1773, 0, 0
4245, 0, 463, 797, 747, 334, 5.75%, 0, 0, 5, 24.86, 56512, 1773, 0, 0
4251, 0, 463, 798, 748, 334, 5.75%, 0, 0, 5, 24.48, 56635, 1773, 0, 0
4256, 0, 463, 798, 748, 334, 5.75%, 0, 0, 5, 24.12, 56759, 1773, 0, 0
4261, 0, 463, 798, 748, 334, 5.75%, 0, 0, 5, 23.60, 56880, 1773, 0, 0
4267, 0, 463, 799, 749, 334, 5.75%, 0, 0, 5, 22.74, 57010, 1773, 0, 0
4272, 0, 463, 800, 750, 334, 5.75%, 0, 0, 5, 22.51, 57123, 1773, 0, 0
4277, 0, 463, 800, 750, 334, 5.75%, 0, 0, 5, 23.10, 57239, 1773, 0, 0
4282, 0, 463, 800, 750, 334, 5.75%, 0, 0, 5, 24.60, 57368, 1773, 0, 0
4287, 0, 463, 801, 751, 334, 5.85%, 0, 0, 5, 24.33, 57484, 1803, 0, 0
4292, 0, 463, 801, 751, 334, 5.85%, 0, 0, 5, 24.36, 57607, 1803, 0, 0
4297, 0, 463, 801, 751, 334, 5.85%, 0, 0, 5, 24.28, 57731, 1803, 0, 0
4302, 0, 463, 802, 752, 334, 5.85%, 0, 0, 5, 24.07, 57852, 1803, 0, 0
4307, 0, 463, 803, 753, 334, 5.85%, 0, 0, 5, 23.76, 57971, 1803, 0, 0
4313, 0, 463, 803, 753, 334, 5.85%, 0, 0, 5, 24.53, 58099, 1803, 0, 0
4318, 0, 463, 803, 753, 334, 5.85%, 0, 0, 5, 24.37, 58225, 1803, 0, 0
4323, 0, 463, 804, 754, 334, 5.85%, 0, 0, 5, 24.58, 58351, 1803, 0, 0
4328, 0, 463, 806, 756, 334, 5.86%, 0, 0, 5, 24.52, 58471, 1805, 0, 0
4333, 0, 463, 807, 757, 334, 5.86%, 0, 0, 5, 24.86, 58596, 1805, 0, 0
4338, 0, 463, 807, 757, 334, 5.86%, 0, 0, 5, 23.77, 58716, 1805, 0, 0
4343, 0, 463, 807, 757, 334, 5.86%, 0, 0, 5, 24.32, 58843, 1805, 0, 0
4348, 0, 463, 807, 757, 334, 5.86%, 0, 0, 5, 24.35, 58964, 1805, 0, 0
4353, 0, 463, 808, 758, 334, 5.86%, 0, 0, 5, 24.58, 59090, 1805, 0, 0
4359, 0, 463, 808, 758, 334, 5.86%, 0, 0, 5, 24.29, 59216, 1805, 0, 0
4364, 0, 463, 808, 758, 334, 5.86%, 0, 0, 5, 24.02, 59342, 1805, 0, 0
4369, 0, 463, 809, 759, 334, 5.86%, 0, 0, 5, 24.71, 59465, 1805, 0, 0
4374, 0, 463, 810, 760, 334, 5.86%, 0, 0, 5, 24.51, 59587, 1805, 0, 0
4379, 0, 463, 810, 760, 334, 5.86%, 0, 0, 5, 23.83, 59712, 1805, 0, 0
4384, 0, 463, 811, 761, 334, 5.86%, 0, 0, 5, 23.78, 59836, 1806, 0, 0
4389, 0, 463, 812, 762, 334, 5.87%, 0, 0, 5, 23.80, 59958, 1807, 0, 0
4395, 0, 463, 814, 764, 334, 5.87%, 0, 0, 5, 23.61, 60084, 1809, 0, 0
4400, 0, 463, 814, 764, 334, 5.87%, 0, 0, 5, 24.27, 60207, 1809, 0, 0
4405, 0, 463, 814, 764, 334, 5.87%, 0, 0, 5, 24.29, 60331, 1809, 0, 0
4410, 0, 463, 815, 765, 334, 5.87%, 0, 0, 5, 24.37, 60453, 1809, 0, 0
4416, 0, 463, 816, 766, 334, 5.87%, 0, 0, 5, 23.90, 60583, 1809, 0, 0
4421, 0, 463, 817, 767, 334, 5.87%, 0, 0, 5, 23.97, 60715, 1810, 0, 0
4426, 0, 463, 817, 767, 334, 5.87%, 0, 0, 5, 23.88, 60836, 1810, 0, 0
4431, 0, 463, 819, 769, 334, 5.87%, 0, 0, 5, 24.44, 60963, 1810, 0, 0
4436, 0, 463, 819, 769, 334, 5.87%, 0, 0, 5, 23.92, 61084, 1810, 0, 0
4442, 0, 463, 822, 772, 334, 5.87%, 0, 0, 5, 24.27, 61207, 1810, 0, 0
4447, 0, 463, 822, 772, 334, 5.87%, 0, 0, 5, 23.75, 61326, 1810, 0, 0
4452, 0, 463, 822, 772, 334, 5.87%, 0, 0, 5, 24.58, 61455, 1810, 0, 0
4457, 0, 463, 823, 773, 334, 5.87%, 0, 0, 5, 24.22, 61580, 1810, 0, 0
4462, 0, 463, 823, 773, 334, 5.87%, 0, 0, 5, 23.43, 61698, 1810, 0, 0
4467, 0, 463, 823, 773, 334, 5.87%, 0, 0, 5, 24.27, 61820, 1810, 0, 0
4472, 0, 463, 824, 774, 334, 5.88%, 0, 0, 5, 24.49, 61944, 1811, 0, 0
4477, 0, 463, 825, 775, 334, 5.89%, 0, 0, 5, 24.70, 62071, 1814, 0, 0
4483, 0, 463, 827, 777, 334, 5.89%, 0, 0, 5, 23.75, 62192, 1814, 0, 0
4488, 0, 463, 828, 778, 334, 5.89%, 0, 0, 5, 23.87, 62313, 1814, 0, 0
4493, 0, 463, 829, 779, 334, 5.89%, 0, 0, 5, 24.01, 62434, 1815, 0, 0
4498, 0, 463, 829, 779, 334, 5.89%, 0, 0, 5, 23.90, 62553, 1815, 0, 0
4503, 0, 463, 829, 779, 334, 5.89%, 0, 0, 5, 22.82, 62667, 1815, 0, 0
4508, 0, 463, 832, 782, 334, 5.90%, 0, 0, 5, 23.55, 62784, 1818, 0, 0
4513, 0, 463, 832, 782, 334, 5.90%, 0, 0, 5, 24.31, 62908, 1818, 0, 0
4518, 0, 463, 832, 782, 334, 5.90%, 0, 0, 5, 24.67, 63031, 1818, 0, 0
4523, 0, 463, 832, 782, 334, 5.90%, 0, 0, 5, 24.31, 63155, 1818, 0, 0
4528, 0, 463, 832, 782, 334, 5.90%, 0, 0, 5, 24.18, 63279, 1818, 0, 0
4533, 0, 463, 832, 782, 334, 5.90%, 0, 0, 5, 23.57, 63398, 1818, 0, 0
4538, 0, 463, 832, 782, 334, 5.90%, 0, 0, 5, 24.14, 63521, 1818, 0, 0
4543, 0, 463, 832, 782, 334, 5.90%, 0, 0, 5, 24.19, 63644, 1818, 0, 0
4549, 0, 463, 832, 782, 334, 5.90%, 0, 0, 5, 24.30, 63772, 1818, 0, 0
4554, 0, 463, 832, 782, 334, 5.90%, 0, 0, 5, 24.71, 63899, 1818, 0, 0
4559, 0, 463, 833, 783, 334, 5.90%, 0, 0, 5, 24.26, 64021, 1819, 0, 0
4564, 0, 463, 834, 784, 334, 5.90%, 0, 0, 5, 23.19, 64143, 1819, 0, 0
4569, 0, 463, 836, 786, 334, 5.91%, 0, 0, 5, 24.50, 64268, 1821, 0, 0
4574, 0, 463, 837, 787, 334, 5.91%, 0, 0, 5, 24.69, 64396, 1822, 0, 0
4579, 0, 463, 837, 787, 334, 5.91%, 0, 0, 5, 24.22, 64518, 1822, 0, 0
4584, 0, 463, 837, 787, 334, 5.91%, 0, 0, 5, 24.24, 64640, 1822, 0, 0
4589, 0, 463, 837, 787, 334, 5.91%, 0, 0, 5, 24.63, 64762, 1822, 0, 0
4594, 0, 463, 839, 789, 334, 5.92%, 0, 0, 5, 23.31, 64878, 1823, 0, 0
4600, 0, 463, 839, 789, 334, 5.92%, 0, 0, 5, 23.67, 65000, 1823, 0, 0
4605, 0, 463, 839, 789, 334, 5.92%, 0, 0, 5, 24.57, 65128, 1823, 0, 0
4610, 0, 463, 839, 789, 334, 5.92%, 0, 0, 5, 23.96, 65248, 1823, 0, 0
4615, 0, 463, 839, 789, 334, 5.92%, 0, 0, 5, 24.53, 65374, 1823, 0, 0
4620, 0, 463, 839, 789, 334, 5.92%, 0, 0, 5, 23.88, 65495, 1823, 0, 0
4625, 0, 463, 840, 790, 334, 5.94%, 0, 0, 5, 23.66, 65618, 1831, 0, 0
4630, 0, 463, 840, 790, 334, 5.94%, 0, 0, 5, 23.35, 65737, 1831, 0, 0
4635, 0, 463, 840, 790, 334, 5.94%, 0, 0, 5, 24.45, 65862, 1831, 0, 0
4641, 0, 463, 840, 790, 334, 5.94%, 0, 0, 5, 23.90, 65986, 1831, 0, 0
4646, 0, 683, 840, 789, 105, 5.94%, 0, 0, 5, 24.55, 66113, 1831, 0, 0
4651, 0, 683, 840, 789, 105, 5.94%, 0, 0, 5, 25.21, 66227, 1831, 0, 0
4656, 0, 683, 840, 789, 105, 5.94%, 0, 0, 5, 25.09, 66354, 1831, 0, 0
4661, 0, 683, 840, 789, 105, 5.94%, 0, 0, 5, 23.68, 66474, 1831, 0, 0
4666, 0, 683, 840, 789, 105, 5.94%, 0, 0, 5, 24.45, 66604, 1831, 0, 0
4671, 0, 683, 840, 789, 105, 5.94%, 0, 0, 5, 24.47, 66732, 1831, 0, 0
4676, 0, 683, 840, 789, 105, 5.94%, 0, 0, 5, 24.64, 66856, 1831, 0, 0
4681, 0, 683, 840, 789, 105, 5.94%, 0, 0, 5, 24.36, 66978, 1831, 0, 0
4687, 0, 683, 840, 789, 105, 5.94%, 0, 0, 5, 23.29, 67092, 1831, 0, 0
4692, 0, 683, 840, 789, 105, 5.94%, 0, 0, 5, 23.78, 67212, 1831, 0, 0
4697, 0, 683, 840, 789, 105, 5.94%, 0, 0, 5, 24.85, 67337, 1831, 0, 0
4702, 0, 683, 840, 789, 105, 5.94%, 0, 0, 5, 24.72, 67466, 1831, 0, 0
4707, 0, 683, 840, 789, 105, 5.94%, 0, 0, 5, 24.90, 67594, 1831, 0, 0
4712, 0, 683, 840, 789, 105, 5.94%, 0, 0, 5, 24.13, 67717, 1831, 0, 0
4717, 0, 683, 840, 789, 105, 5.94%, 0, 0, 5, 24.67, 67843, 1831, 0, 0
4722, 0, 683, 840, 789, 105, 5.94%, 0, 0, 5, 24.41, 67965, 1831, 0, 0
4727, 0, 683, 840, 789, 105, 5.94%, 0, 0, 5, 24.85, 68094, 1831, 0, 0
4733, 0, 683, 840, 789, 105, 5.94%, 0, 0, 5, 25.11, 68222, 1831, 0, 0
4738, 0, 683, 840, 789, 105, 5.94%, 0, 0, 5, 24.77, 68347, 1831, 0, 0
4743, 0, 683, 840, 789, 105, 5.94%, 0, 0, 5, 24.30, 68473, 1831, 0, 0
4748, 0, 683, 840, 789, 105, 5.94%, 0, 0, 5, 24.41, 68599, 1831, 0, 0
4753, 0, 683, 840, 789, 105, 5.94%, 0, 0, 5, 23.58, 68723, 1831, 0, 0
4758, 0, 683, 840, 789, 105, 5.94%, 0, 0, 5, 24.68, 68851, 1831, 0, 0
4764, 0, 683, 840, 789, 105, 5.94%, 0, 0, 5, 24.71, 68979, 1831, 0, 0
4769, 0, 683, 840, 789, 105, 5.94%, 0, 0, 5, 24.56, 69104, 1831, 0, 0
4774, 0, 683, 840, 789, 105, 5.94%, 0, 0, 5, 24.65, 69229, 1831, 0, 0
4779, 0, 683, 840, 789, 105, 5.94%, 0, 0, 5, 24.46, 69350, 1831, 0, 0
4784, 0, 683, 840, 789, 105, 5.94%, 0, 0, 5, 25.02, 69478, 1831, 0, 0
4789, 0, 683, 840, 789, 105, 5.94%, 0, 0, 5, 24.69, 69608, 1831, 0, 0
4795, 0, 683, 840, 789, 105, 5.94%, 0, 0, 5, 25.41, 69740, 1831, 0, 0
4800, 0, 683, 840, 789, 105, 5.94%, 0, 0, 5, 24.27, 69861, 1831, 0, 0
4805, 0, 683, 840, 789, 105, 5.94%, 0, 0, 5, 23.66, 69980, 1831, 0, 0
4810, 0, 683, 840, 789, 105, 5.94%, 0, 0, 5, 24.36, 70108, 1831, 0, 0
4815, 0, 683, 840, 789, 105, 5.94%, 0, 0, 5, 24.30, 70230, 1831, 0, 0
4820, 0, 683, 840, 789, 105, 5.94%, 0, 0, 5, 24.49, 70353, 1831, 0, 0
4825, 0, 683, 840, 789, 105, 5.94%, 0, 0, 5, 23.95, 70475, 1831, 0, 0
4830, 0, 683, 840, 789, 105, 5.94%, 0, 0, 5, 24.33, 70603, 1831, 0, 0
4835, 0, 683, 840, 789, 105, 5.94%, 0, 0, 5, 24.30, 70726, 1831, 0, 0
4840, 0, 683, 840, 789, 105, 5.94%, 0, 0, 5, 24.87, 70854, 1831, 0, 0
4845, 0, 683, 840, 789, 105, 5.94%, 0, 0, 5, 24.00, 70977, 1831, 0, 0
4851, 0, 683, 840, 789, 105, 5.94%, 0, 0, 5, 24.45, 71105, 1831, 0, 0
4856, 0, 683, 841, 790, 105, 5.94%, 0, 0, 5, 23.89, 71232, 1831, 0, 0
4861, 0, 683, 841, 790, 105, 5.94%, 0, 0, 5, 24.64, 71360, 1831, 0, 0
4866, 0, 683, 841, 790, 105, 5.94%, 0, 0, 5, 24.29, 71482, 1831, 0, 0
4871, 0, 683, 841, 790, 105, 5.94%, 0, 0, 5, 24.12, 71604, 1831, 0, 0
4876, 0, 683, 841, 790, 105, 5.94%, 0, 0, 5, 23.95, 71725, 1831, 0, 0
4881, 0, 683, 841, 790, 105, 5.94%, 0, 0, 5, 25.19, 71856, 1831, 0, 0
4886, 0, 683, 841, 790, 105, 5.94%, 0, 0, 5, 24.72, 71979, 1831, 0, 0
4891, 0, 683, 842, 791, 105, 5.95%, 0, 0, 5, 0.00, 72136, 1832, 0, 0
